	lf_HRV	hf_HRV
0.0	0.0	0.0
0.25	0.0	0.0
0.5	0.0	0.0
0.75	0.0	0.0
1.0	0.0	0.0
1.25	0.0	0.0
1.5	0.0	0.0
1.75	0.0	0.0
2.0	0.0	0.0
2.25	0.0	0.0
2.5	0.0	0.0
2.75	0.0	0.0
3.0	0.0	0.0
3.25	0.0	0.0
3.5	0.0	0.0
3.75	0.0	0.0
4.0	0.0	0.0
4.25	0.0	0.0
4.5	0.0	0.0
4.75	0.0	0.0
5.0	0.0	0.0
5.25	0.0	0.0
5.5	0.0	0.0
5.75	0.0	0.0
6.0	0.0	0.0
6.25	0.0	0.0
6.5	0.0	0.0
6.75	0.0	0.0
7.0	0.0	0.0
7.25	0.0	0.0
7.5	0.0	0.0
7.75	0.0	0.0
8.0	0.0	0.0
8.25	0.0	0.0
8.5	0.0	0.0
8.75	0.0	0.0
9.0	0.0	0.0
9.25	0.0	0.0
9.5	0.0	0.0
9.75	0.0	0.0
10.0	0.0	0.0
10.25	9.462631093743134e-08	9.902454393530591e-08
10.5	9.462631093743134e-08	9.902454393530591e-08
10.75	9.462631093743134e-08	9.902454393530591e-08
11.0	1.107217773525931e-07	1.596377303877129e-07
11.25	1.4147202122711617e-07	1.6077243036093223e-07
11.5	1.4147202122711617e-07	1.6077243036093223e-07
11.75	1.4147202122711617e-07	1.6077243036093223e-07
12.0	1.3367603718333217e-07	2.0545326514393167e-07
12.25	1.6855790918562458e-07	2.0564322412559919e-07
12.5	1.6855790918562458e-07	2.0564322412559919e-07
12.75	1.6855790918562458e-07	2.0564322412559919e-07
13.0	1.6325222263947334e-07	2.463120747489138e-07
13.25	1.9350789361733182e-07	2.4460938462468606e-07
13.5	1.9350789361733182e-07	2.4460938462468606e-07
13.75	1.9350789361733182e-07	2.4460938462468606e-07
14.0	1.9241599339764493e-07	2.7579442009415777e-07
14.25	2.2031912993483026e-07	2.6677104794542936e-07
14.5	2.2031912993483026e-07	2.6677104794542936e-07
14.75	2.2031912993483026e-07	2.6677104794542936e-07
15.0	2.1738275631870096e-07	2.915801774583559e-07
15.25	2.3993701672628426e-07	2.7883245145742554e-07
15.5	2.3993701672628426e-07	2.7883245145742554e-07
15.75	2.3993701672628426e-07	2.7883245145742554e-07
16.0	2.410291554746759e-07	2.8315856850384913e-07
16.25	2.556039669770082e-07	2.737501332086528e-07
16.5	2.556039669770082e-07	2.737501332086528e-07
16.75	2.556039669770082e-07	2.737501332086528e-07
17.0	2.603269086031813e-07	2.611880257665789e-07
17.25	2.6806736930846185e-07	2.5360862563626806e-07
17.5	2.6806736930846185e-07	2.5360862563626806e-07
17.75	2.6806736930846185e-07	2.5360862563626806e-07
18.0	2.7230744021058585e-07	2.4551698381440154e-07
18.25	2.740210087405946e-07	2.4034311751587835e-07
18.5	2.740210087405946e-07	2.4034311751587835e-07
18.75	2.740210087405946e-07	2.4034311751587835e-07
19.0	2.8169332329317596e-07	2.4977028983048704e-07
19.25	2.798386941222004e-07	2.4703867427279774e-07
19.5	2.798386941222004e-07	2.4703867427279774e-07
19.75	2.798386941222004e-07	2.4703867427279774e-07
20.0	2.9498073404382424e-07	2.7558852251750503e-07
20.25	2.9181408319441747e-07	2.76565729426185e-07
20.5	2.9181408319441747e-07	2.76565729426185e-07
20.75	2.9181408319441747e-07	2.76565729426185e-07
21.0	3.23800092761977e-07	3.160219030313574e-07
21.25	3.2020103251462673e-07	3.190376726136358e-07
21.5	3.2020103251462673e-07	3.190376726136358e-07
21.75	3.2020103251462673e-07	3.190376726136358e-07
22.0	3.674496174502698e-07	3.5726075148070473e-07
22.25	3.679630090914343e-07	3.6244410741165254e-07
22.5	3.679630090914343e-07	3.6244410741165254e-07
22.75	3.679630090914343e-07	3.6244410741165254e-07
23.0	4.1851568969472393e-07	3.7248021821013374e-07
23.25	4.2388380654779156e-07	3.782949877863051e-07
23.5	4.2388380654779156e-07	3.782949877863051e-07
23.75	4.2388380654779156e-07	3.782949877863051e-07
24.0	4.7186388806248833e-07	3.493860611206397e-07
24.25	4.81469186076159e-07	3.5221807827364556e-07
24.5	4.81469186076159e-07	3.5221807827364556e-07
24.75	4.81469186076159e-07	3.5221807827364556e-07
25.0	5.216497179634323e-07	2.941914247913862e-07
25.25	5.313403748624944e-07	2.9389132829194483e-07
25.5	5.313403748624944e-07	2.9389132829194483e-07
25.75	5.313403748624944e-07	2.9389132829194483e-07
26.0	5.641113319234153e-07	2.2090522880469897e-07
26.25	5.71459612481033e-07	2.2171107810140775e-07
26.5	5.71459612481033e-07	2.2171107810140775e-07
26.75	5.71459612481033e-07	2.2171107810140775e-07
27.0	5.98050955348351e-07	1.5806453859829807e-07
27.25	6.047381469613145e-07	1.574690251740959e-07
27.5	6.047381469613145e-07	1.574690251740959e-07
27.75	6.047381469613145e-07	1.574690251740959e-07
28.0	6.488830299092268e-07	1.328510334762812e-07
28.25	6.538479751684698e-07	1.305467984983744e-07
28.5	6.538479751684698e-07	1.305467984983744e-07
28.75	6.538479751684698e-07	1.305467984983744e-07
29.0	7.38079022013881e-07	1.556459024202397e-07
29.25	7.4237551135398e-07	1.5191397570609935e-07
29.5	7.4237551135398e-07	1.5191397570609935e-07
29.75	7.4237551135398e-07	1.5191397570609935e-07
30.0	8.530018353615533e-07	2.2366638289951905e-07
30.25	8.591443657337724e-07	2.17976589634222e-07
30.5	8.591443657337724e-07	2.17976589634222e-07
30.75	8.591443657337724e-07	2.17976589634222e-07
31.0	9.68579750844683e-07	3.172403442001999e-07
31.25	9.767445001588845e-07	3.111748987788918e-07
31.5	9.767445001588845e-07	3.111748987788918e-07
31.75	9.767445001588845e-07	3.111748987788918e-07
32.0	1.058928157961884e-06	4.0834531034684237e-07
32.25	1.0670292876319719e-06	4.028413737533612e-07
32.5	1.0670292876319719e-06	4.028413737533612e-07
32.75	1.0670292876319719e-06	4.028413737533612e-07
33.0	1.08977345586836e-06	4.773045444892739e-07
33.25	1.0963058642742846e-06	4.7279320552662264e-07
33.5	1.0963058642742846e-06	4.7279320552662264e-07
33.75	1.0963058642742846e-06	4.7279320552662264e-07
34.0	1.051702625795124e-06	5.181619907900163e-07
34.25	1.055289010714209e-06	5.148686523941774e-07
34.5	1.055289010714209e-06	5.148686523941774e-07
34.75	1.055289010714209e-06	5.148686523941774e-07
35.0	9.600780291063858e-07	5.32450973066982e-07
35.25	9.616469510175694e-07	5.297039042758416e-07
35.5	9.616469510175694e-07	5.297039042758416e-07
35.75	9.616469510175694e-07	5.297039042758416e-07
36.0	8.37246270777509e-07	5.177063457942041e-07
36.25	8.35751486513136e-07	5.162692797173842e-07
36.5	8.35751486513136e-07	5.162692797173842e-07
36.75	8.35751486513136e-07	5.162692797173842e-07
37.0	7.12539787747646e-07	4.719277419686488e-07
37.25	7.08791944163415e-07	4.717174433579313e-07
37.5	7.08791944163415e-07	4.717174433579313e-07
37.75	7.08791944163415e-07	4.717174433579313e-07
38.0	5.991775520122292e-07	4.067207259016804e-07
38.25	5.960944787554304e-07	4.0629625684797136e-07
38.5	5.960944787554304e-07	4.0629625684797136e-07
38.75	5.960944787554304e-07	4.0629625684797136e-07
39.0	5.028409444035921e-07	3.3528786937442475e-07
39.25	4.995276633916055e-07	3.349865895256864e-07
39.5	4.995276633916055e-07	3.349865895256864e-07
39.75	4.995276633916055e-07	3.349865895256864e-07
40.0	4.3280933880681074e-07	2.80598795575126e-07
40.25	4.296979582021417e-07	2.80441330756056e-07
40.5	4.296979582021417e-07	2.80441330756056e-07
40.75	4.296979582021417e-07	2.80441330756056e-07
41.0	3.9582079228090706e-07	2.6659693842064744e-07
41.25	3.934151414674106e-07	2.667211226133231e-07
41.5	3.934151414674106e-07	2.667211226133231e-07
41.75	3.934151414674106e-07	2.667211226133231e-07
42.0	4.010723623369355e-07	2.979572652409161e-07
42.25	3.9967047256724356e-07	2.979542184908846e-07
42.5	3.9967047256724356e-07	2.979542184908846e-07
42.75	3.9967047256724356e-07	2.979542184908846e-07
43.0	4.453437580216228e-07	3.556113170606553e-07
43.25	4.4536188327616807e-07	3.5482640322580017e-07
43.5	4.4536188327616807e-07	3.5482640322580017e-07
43.75	4.4536188327616807e-07	3.5482640322580017e-07
44.0	4.993089683226392e-07	4.0552104461218266e-07
44.25	5.001418673062057e-07	4.043280078500866e-07
44.5	5.001418673062057e-07	4.043280078500866e-07
44.75	5.001418673062057e-07	4.043280078500866e-07
45.0	5.330779079324123e-07	4.1528854138622925e-07
45.25	5.346438597313069e-07	4.136345532874165e-07
45.5	5.346438597313069e-07	4.136345532874165e-07
45.75	5.346438597313069e-07	4.136345532874165e-07
46.0	5.341316384758223e-07	3.729729115707135e-07
46.25	5.359152897817421e-07	3.713054649476916e-07
46.5	5.359152897817421e-07	3.713054649476916e-07
46.75	5.359152897817421e-07	3.713054649476916e-07
47.0	5.034395139286249e-07	2.961182566906944e-07
47.25	5.050863791793153e-07	2.947390325433735e-07
47.5	5.050863791793153e-07	2.947390325433735e-07
47.75	5.050863791793153e-07	2.947390325433735e-07
48.0	4.569333127568365e-07	2.1775255483705577e-07
48.25	4.5830463842037013e-07	2.169431650866303e-07
48.5	4.5830463842037013e-07	2.169431650866303e-07
48.75	4.5830463842037013e-07	2.169431650866303e-07
49.0	4.169568843599827e-07	1.6638219981864829e-07
49.25	4.1824577609475446e-07	1.6639357032395517e-07
49.5	4.1824577609475446e-07	1.6639357032395517e-07
49.75	4.1824577609475446e-07	1.6639357032395517e-07
50.0	4.004717075049951e-07	1.5286331842691061e-07
50.25	4.02112981710356e-07	1.536016932354728e-07
50.5	4.02112981710356e-07	1.536016932354728e-07
50.75	4.02112981710356e-07	1.536016932354728e-07
51.0	4.1958367308504294e-07	1.6713622705453569e-07
51.25	4.2188986492429184e-07	1.6835197440912952e-07
51.5	4.2188986492429184e-07	1.6835197440912952e-07
51.75	4.2188986492429184e-07	1.6835197440912952e-07
52.0	4.859943389102411e-07	1.886555658791697e-07
52.25	4.891342890900656e-07	1.9032397027366054e-07
52.5	4.891342890900656e-07	1.9032397027366054e-07
52.75	4.891342890900656e-07	1.9032397027366054e-07
53.0	6.07760806494544e-07	2.0156419627681425e-07
53.25	6.116515776816475e-07	2.0356775751788858e-07
53.5	6.116515776816475e-07	2.0356775751788858e-07
53.75	6.116515776816475e-07	2.0356775751788858e-07
54.0	7.788148338463833e-07	2.0389260464174668e-07
54.25	7.830422394740244e-07	2.059953793131753e-07
54.5	7.830422394740244e-07	2.059953793131753e-07
54.75	7.830422394740244e-07	2.059953793131753e-07
55.0	9.7368790609535e-07	2.0703580144764068e-07
55.25	9.777547683014398e-07	2.0900197959274557e-07
55.5	9.777547683014398e-07	2.0900197959274557e-07
55.75	9.777547683014398e-07	2.0900197959274557e-07
56.0	1.1447748496540051e-06	2.1990738975830595e-07
56.25	1.1488783465848643e-06	2.2136334820733634e-07
56.5	1.1488783465848643e-06	2.2136334820733634e-07
56.75	1.1488783465848643e-06	2.2136334820733634e-07
57.0	1.2363154718935224e-06	2.3692071746197417e-07
57.25	1.2408966721296878e-06	2.3761232362459561e-07
57.5	1.2408966721296878e-06	2.3761232362459561e-07
57.75	1.2408966721296878e-06	2.3761232362459561e-07
58.0	1.2277363344701833e-06	2.4418663235741675e-07
58.25	1.2319511476661175e-06	2.4444725057577194e-07
58.5	1.2319511476661175e-06	2.4444725057577194e-07
58.75	1.2319511476661175e-06	2.4444725057577194e-07
59.0	1.1454741721086142e-06	2.2898620279589344e-07
59.25	1.1491175707545509e-06	2.2898938987312947e-07
59.5	1.1491175707545509e-06	2.2898938987312947e-07
59.75	1.1491175707545509e-06	2.2898938987312947e-07
60.0	1.0245861545173835e-06	1.933432203155407e-07
60.25	1.0276015038426269e-06	1.9323035033183518e-07
60.5	1.0276015038426269e-06	1.9323035033183518e-07
60.75	1.0276015038426269e-06	1.9323035033183518e-07
61.0	9.05010364415811e-07	1.5552087065025064e-07
61.25	9.074035765748737e-07	1.5540450293250617e-07
61.5	9.074035765748737e-07	1.5540450293250617e-07
61.75	9.074035765748737e-07	1.5540450293250617e-07
62.0	8.244328707006587e-07	1.3307205895488876e-07
62.25	8.262370056792669e-07	1.3301829106117394e-07
62.5	8.262370056792669e-07	1.3301829106117394e-07
62.75	8.262370056792669e-07	1.3301829106117394e-07
63.0	8.027149530497178e-07	1.3089332265690919e-07
63.25	8.039659571501642e-07	1.309020877632296e-07
63.5	8.039659571501642e-07	1.309020877632296e-07
63.75	8.039659571501642e-07	1.309020877632296e-07
64.0	8.320987157919787e-07	1.448492937899439e-07
64.25	8.328617823961447e-07	1.4488997187245862e-07
64.5	8.328617823961447e-07	1.4488997187245862e-07
64.75	8.328617823961447e-07	1.4488997187245862e-07
65.0	8.874131762860414e-07	1.608137050837793e-07
65.25	8.877989200156109e-07	1.6086213911304708e-07
65.5	8.877989200156109e-07	1.6086213911304708e-07
65.75	8.877989200156109e-07	1.6086213911304708e-07
66.0	9.45957259401245e-07	1.614574201518092e-07
66.25	9.460997452163712e-07	1.6149171831528166e-07
66.5	9.460997452163712e-07	1.6149171831528166e-07
66.75	9.460997452163712e-07	1.6149171831528166e-07
67.0	9.9269691759372e-07	1.4291850265283336e-07
67.25	9.927048163297268e-07	1.4292808438637785e-07
67.5	9.927048163297268e-07	1.4292808438637785e-07
67.75	9.927048163297268e-07	1.4292808438637785e-07
68.0	1.0162045825290714e-06	1.1674763394557839e-07
68.25	1.016163900661838e-06	1.1673847235122907e-07
68.5	1.016163900661838e-06	1.1673847235122907e-07
68.75	1.016163900661838e-06	1.1673847235122907e-07
69.0	1.0138134768806304e-06	9.78199524188263e-08
69.25	1.013778411116698e-06	9.780778485693595e-08
69.5	1.013778411116698e-06	9.780778485693595e-08
69.75	1.013778411116698e-06	9.780778485693595e-08
70.0	9.9301105936139e-07	9.378563854651962e-08
70.25	9.929979424164876e-07	9.378053184550113e-08
70.5	9.929979424164876e-07	9.378053184550113e-08
70.75	9.929979424164876e-07	9.378053184550113e-08
71.0	9.60028461210771e-07	1.0202558284946873e-07
71.25	9.600250123742139e-07	1.0202458169633016e-07
71.5	9.600250123742139e-07	1.0202458169633016e-07
71.75	9.600250123742139e-07	1.0202458169633016e-07
72.0	9.064925845342713e-07	1.1481460183242722e-07
72.25	9.064925845342713e-07	1.1481460183242722e-07
72.5	9.064925845342713e-07	1.1481460183242722e-07
72.75	9.064925845342713e-07	1.1481460183242722e-07
73.0	8.242973460922006e-07	1.2323176602699576e-07
73.25	8.242973460922006e-07	1.2323176602699576e-07
73.5	8.242973460922006e-07	1.2323176602699576e-07
73.75	8.242973460922006e-07	1.2323176602699576e-07
74.0	7.21509215266139e-07	1.192902550029587e-07
74.25	7.21509215266139e-07	1.192902550029587e-07
74.5	7.21509215266139e-07	1.192902550029587e-07
74.75	7.21509215266139e-07	1.192902550029587e-07
75.0	6.079906662703601e-07	1.0202569694118794e-07
75.25	6.079906662703601e-07	1.0202569694118794e-07
75.5	6.079906662703601e-07	1.0202569694118794e-07
75.75	6.079906662703601e-07	1.0202569694118794e-07
76.0	4.937327432497651e-07	7.855182718494253e-08
76.25	4.937327432497651e-07	7.855182718494253e-08
76.5	4.937327432497651e-07	7.855182718494253e-08
76.75	4.937327432497651e-07	7.855182718494253e-08
77.0	3.954784026608226e-07	5.972373382360542e-08
77.25	3.954784026608226e-07	5.972373382360542e-08
77.5	3.954784026608226e-07	5.972373382360542e-08
77.75	3.954784026608226e-07	5.972373382360542e-08
78.0	3.364671842026045e-07	5.62116152751017e-08
78.25	3.364671842026045e-07	5.62116152751017e-08
78.5	3.364671842026045e-07	5.62116152751017e-08
78.75	3.364671842026045e-07	5.62116152751017e-08
79.0	3.5034386452746064e-07	7.20641694381966e-08
79.25	3.5034386452746064e-07	7.20641694381966e-08
79.5	3.5034386452746064e-07	7.20641694381966e-08
79.75	3.5034386452746064e-07	7.20641694381966e-08
80.0	4.7264799257865655e-07	1.020021789732784e-07
80.25	4.7264799257865655e-07	1.020021789732784e-07
80.5	4.7264799257865655e-07	1.020021789732784e-07
80.75	4.7264799257865655e-07	1.020021789732784e-07
81.0	7.23171236423445e-07	1.4032138443080696e-07
81.25	7.23171236423445e-07	1.4032138443080696e-07
81.5	7.23171236423445e-07	1.4032138443080696e-07
81.75	7.23171236423445e-07	1.4032138443080696e-07
82.0	1.0918809699882503e-06	1.8385895431720423e-07
82.25	1.0918809699882503e-06	1.8385895431720423e-07
82.5	1.0918809699882503e-06	1.8385895431720423e-07
82.75	1.0918809699882503e-06	1.8385895431720423e-07
83.0	1.5327739140458168e-06	2.2970032471533662e-07
83.25	1.5327739140458168e-06	2.2970032471533662e-07
83.5	1.5327739140458168e-06	2.2970032471533662e-07
83.75	1.5327739140458168e-06	2.2970032471533662e-07
84.0	1.9715641148130122e-06	2.7414337104146554e-07
84.25	1.9715641148130122e-06	2.7414337104146554e-07
84.5	1.9715641148130122e-06	2.7414337104146554e-07
84.75	1.9715641148130122e-06	2.7414337104146554e-07
85.0	2.326621885548e-06	3.0501222150164066e-07
85.25	2.326621885548e-06	3.0501222150164066e-07
85.5	2.326621885548e-06	3.0501222150164066e-07
85.75	2.326621885548e-06	3.0501222150164066e-07
86.0	2.5535710766868066e-06	3.010969303487717e-07
86.25	2.5535710766868066e-06	3.010969303487717e-07
86.5	2.5535710766868066e-06	3.010969303487717e-07
86.75	2.5535710766868066e-06	3.010969303487717e-07
87.0	2.6817326378475096e-06	2.541603795672577e-07
87.25	2.6817326378475096e-06	2.541603795672577e-07
87.5	2.6817326378475096e-06	2.541603795672577e-07
87.75	2.6817326378475096e-06	2.541603795672577e-07
88.0	2.783963000633643e-06	1.8147899259847264e-07
88.25	2.783963000633643e-06	1.8147899259847264e-07
88.5	2.783963000633643e-06	1.8147899259847264e-07
88.75	2.783963000633643e-06	1.8147899259847264e-07
89.0	2.930903987984082e-06	1.1650362470151435e-07
89.25	2.930903987984082e-06	1.1650362470151435e-07
89.5	2.930903987984082e-06	1.1650362470151435e-07
89.75	2.930903987984082e-06	1.1650362470151435e-07
90.0	3.1662746307202844e-06	9.489981482635964e-08
90.25	3.1662746307202844e-06	9.489981482635964e-08
90.5	3.1662746307202844e-06	9.489981482635964e-08
90.75	3.1662746307202844e-06	9.489981482635964e-08
91.0	3.4786366999938698e-06	1.3120339205369065e-07
91.25	3.4786366999938698e-06	1.3120339205369065e-07
91.5	3.4786366999938698e-06	1.3120339205369065e-07
91.75	3.4786366999938698e-06	1.3120339205369065e-07
92.0	3.802480886328016e-06	2.0334586647158018e-07
92.25	3.802480886328016e-06	2.0334586647158018e-07
92.5	3.802480886328016e-06	2.0334586647158018e-07
92.75	3.802480886328016e-06	2.0334586647158018e-07
93.0	4.0461445759373086e-06	2.6616359490952546e-07
93.25	4.0461445759373086e-06	2.6616359490952546e-07
93.5	4.0461445759373086e-06	2.6616359490952546e-07
93.75	4.0461445759373086e-06	2.6616359490952546e-07
94.0	4.123890870971571e-06	2.81690532703662e-07
94.25	4.123890870971571e-06	2.81690532703662e-07
94.5	4.123890870971571e-06	2.81690532703662e-07
94.75	4.123890870971571e-06	2.81690532703662e-07
95.0	3.988607707696478e-06	2.404588450181178e-07
95.25	3.988607707696478e-06	2.404588450181178e-07
95.5	3.988607707696478e-06	2.404588450181178e-07
95.75	3.988607707696478e-06	2.404588450181178e-07
96.0	3.6507916392673254e-06	1.6782450284024965e-07
96.25	3.6507916392673254e-06	1.6782450284024965e-07
96.5	3.6507916392673254e-06	1.6782450284024965e-07
96.75	3.6507916392673254e-06	1.6782450284024965e-07
97.0	3.172252604273151e-06	1.05415234143908e-07
97.25	3.172252604273151e-06	1.05415234143908e-07
97.5	3.172252604273151e-06	1.05415234143908e-07
97.75	3.172252604273151e-06	1.05415234143908e-07
98.0	2.6488390680199665e-06	7.888525134692405e-08
98.25	2.6488390680199665e-06	7.888525134692405e-08
98.5	2.6488390680199665e-06	7.888525134692405e-08
98.75	2.6488390680199665e-06	7.888525134692405e-08
99.0	2.1874907638525025e-06	8.61238270433765e-08
99.25	2.1874907638525025e-06	8.61238270433765e-08
99.5	2.1874907638525025e-06	8.61238270433765e-08
99.75	2.1874907638525025e-06	8.61238270433765e-08
100.0	1.8760693683108683e-06	1.0575721634213854e-07
100.25	1.8760693683108683e-06	1.0575721634213854e-07
100.5	1.8760693683108683e-06	1.0575721634213854e-07
100.75	1.8760693683108683e-06	1.0575721634213854e-07
101.0	1.7610359119641739e-06	1.1272965134271593e-07
101.25	1.7610359119641739e-06	1.1272965134271593e-07
101.5	1.7610359119641739e-06	1.1272965134271593e-07
101.75	1.7610359119641739e-06	1.1272965134271593e-07
102.0	1.839679825807375e-06	9.797414154503404e-08
102.25	1.839679825807375e-06	9.797414154503404e-08
102.5	1.839679825807375e-06	9.797414154503404e-08
102.75	1.839679825807375e-06	9.797414154503404e-08
103.0	2.0911672485659126e-06	7.409327366030564e-08
103.25	2.0911672485659126e-06	7.409327366030564e-08
103.5	2.0911672485659126e-06	7.409327366030564e-08
103.75	2.0911672485659126e-06	7.409327366030564e-08
104.0	2.5110120810992086e-06	5.7894481496939374e-08
104.25	2.5110120810992086e-06	5.7894481496939374e-08
104.5	2.5110120810992086e-06	5.7894481496939374e-08
104.75	2.5110120810992086e-06	5.7894481496939374e-08
105.0	3.131069148522026e-06	5.385281835706363e-08
105.25	3.131069148522026e-06	5.385281835706363e-08
105.5	3.131069148522026e-06	5.385281835706363e-08
105.75	3.131069148522026e-06	5.385281835706363e-08
106.0	4.0325120206762126e-06	5.4037182886363415e-08
106.25	4.0325120206762126e-06	5.4037182886363415e-08
106.5	4.0325120206762126e-06	5.4037182886363415e-08
106.75	4.0325120206762126e-06	5.4037182886363415e-08
107.0	5.321446325266768e-06	4.879910627504628e-08
107.25	5.321446325266768e-06	4.879910627504628e-08
107.5	5.321446325266768e-06	4.879910627504628e-08
107.75	5.321446325266768e-06	4.879910627504628e-08
108.0	7.066827499020824e-06	3.7635924722340495e-08
108.25	7.066827499020824e-06	3.7635924722340495e-08
108.5	7.066827499020824e-06	3.7635924722340495e-08
108.75	7.066827499020824e-06	3.7635924722340495e-08
109.0	9.2046731451969e-06	3.1507680475704765e-08
109.25	9.2046731451969e-06	3.1507680475704765e-08
109.5	9.2046731451969e-06	3.1507680475704765e-08
109.75	9.2046731451969e-06	3.1507680475704765e-08
110.0	1.1479078666981784e-05	4.030144772271684e-08
110.25	1.1479078666981784e-05	4.030144772271684e-08
110.5	1.1479078666981784e-05	4.030144772271684e-08
110.75	1.1479078666981784e-05	4.030144772271684e-08
111.0	1.346106475058484e-05	6.057195193070501e-08
111.25	1.346106475058484e-05	6.057195193070501e-08
111.5	1.346106475058484e-05	6.057195193070501e-08
111.75	1.346106475058484e-05	6.057195193070501e-08
112.0	1.4635821453235804e-05	8.210232151666478e-08
112.25	1.4635821453235804e-05	8.210232151666478e-08
112.5	1.4635821453235804e-05	8.210232151666478e-08
112.75	1.4635821453235804e-05	8.210232151666478e-08
113.0	1.4552509171398722e-05	1.0685988943060934e-07
113.25	1.4552509171398722e-05	1.0685988943060934e-07
113.5	1.4552509171398722e-05	1.0685988943060934e-07
113.75	1.4552509171398722e-05	1.0685988943060934e-07
114.0	1.3025685230812028e-05	1.545807144623914e-07
114.25	1.3025685230812028e-05	1.545807144623914e-07
114.5	1.3025685230812028e-05	1.545807144623914e-07
114.75	1.3025685230812028e-05	1.545807144623914e-07
115.0	1.0332266423713202e-05	2.388680264476823e-07
115.25	1.0332266423713202e-05	2.388680264476823e-07
115.5	1.0332266423713202e-05	2.388680264476823e-07
115.75	1.0332266423713202e-05	2.388680264476823e-07
116.0	7.2080569011016735e-06	3.448482772843782e-07
116.25	7.2080569011016735e-06	3.448482772843782e-07
116.5	7.2080569011016735e-06	3.448482772843782e-07
116.75	7.2080569011016735e-06	3.448482772843782e-07
117.0	4.5827836117959665e-06	4.312132176784342e-07
117.25	4.5827836117959665e-06	4.312132176784342e-07
117.5	4.5827836117959665e-06	4.312132176784342e-07
117.75	4.5827836117959665e-06	4.312132176784342e-07
118.0	3.2174223568035426e-06	4.5897296195708363e-07
118.25	3.2174223568035426e-06	4.5897296195708363e-07
118.5	3.2174223568035426e-06	4.5897296195708363e-07
118.75	3.2174223568035426e-06	4.5897296195708363e-07
119.0	3.417400208059315e-06	4.2935235655310864e-07
119.25	3.417400208059315e-06	4.2935235655310864e-07
119.5	3.417400208059315e-06	4.2935235655310864e-07
119.75	3.417400208059315e-06	4.2935235655310864e-07
120.0	4.918759872215797e-06	3.792058172113701e-07
120.25	4.918759872215797e-06	3.792058172113701e-07
120.5	4.918759872215797e-06	3.792058172113701e-07
120.75	4.918759872215797e-06	3.792058172113701e-07
121.0	7.018141055262588e-06	3.371622735436624e-07
121.25	7.018141055262588e-06	3.371622735436624e-07
121.5	7.018141055262588e-06	3.371622735436624e-07
121.75	7.018141055262588e-06	3.371622735436624e-07
122.0	8.959013688948299e-06	2.9864052631813095e-07
122.25	8.959013688948299e-06	2.9864052631813095e-07
122.5	8.959013688948299e-06	2.9864052631813095e-07
122.75	8.959013688948299e-06	2.9864052631813095e-07
123.0	1.0314000628323107e-05	2.506641124076952e-07
123.25	1.0314000628323107e-05	2.506641124076952e-07
123.5	1.0314000628323107e-05	2.506641124076952e-07
123.75	1.0314000628323107e-05	2.506641124076952e-07
124.0	1.1038711323429178e-05	2.034235980506373e-07
124.25	1.1038711323429178e-05	2.034235980506373e-07
124.5	1.1038711323429178e-05	2.034235980506373e-07
124.75	1.1038711323429178e-05	2.034235980506373e-07
125.0	1.130766072583904e-05	1.901613089067949e-07
125.25	1.130766072583904e-05	1.901613089067949e-07
125.5	1.130766072583904e-05	1.901613089067949e-07
125.75	1.130766072583904e-05	1.901613089067949e-07
126.0	1.1273393015189871e-05	2.2888389865674723e-07
126.25	1.1273393015189871e-05	2.2888389865674723e-07
126.5	1.1273393015189871e-05	2.2888389865674723e-07
126.75	1.1273393015189871e-05	2.2888389865674723e-07
127.0	1.0858268754150226e-05	2.823324065793987e-07
127.25	1.0858268754150226e-05	2.823324065793987e-07
127.5	1.0858268754150226e-05	2.823324065793987e-07
127.75	1.0858268754150226e-05	2.823324065793987e-07
128.0	9.859802368307495e-06	2.7791999819440733e-07
128.25	9.859802368307495e-06	2.7791999819440733e-07
128.5	9.859802368307495e-06	2.7791999819440733e-07
128.75	9.859802368307495e-06	2.7791999819440733e-07
129.0	8.177573357963573e-06	1.9280772763602664e-07
129.25	8.177573357963573e-06	1.9280772763602664e-07
129.5	8.177573357963573e-06	1.9280772763602664e-07
129.75	8.177573357963573e-06	1.9280772763602664e-07
130.0	5.9915892489165366e-06	1.0363797536617407e-07
130.25	5.9915892489165366e-06	1.0363797536617407e-07
130.5	5.9915892489165366e-06	1.0363797536617407e-07
130.75	5.9915892489165366e-06	1.0363797536617407e-07
131.0	3.792389022004338e-06	1.3027977074288682e-07
131.25	3.792389022004338e-06	1.3027977074288682e-07
131.5	3.792389022004338e-06	1.3027977074288682e-07
131.75	3.792389022004338e-06	1.3027977074288682e-07
132.0	2.188639578211252e-06	3.156173878665021e-07
132.25	2.188639578211252e-06	3.156173878665021e-07
132.5	2.188639578211252e-06	3.156173878665021e-07
132.75	2.188639578211252e-06	3.156173878665021e-07
133.0	1.692702949379301e-06	5.620352894237431e-07
133.25	1.692702949379301e-06	5.620352894237431e-07
133.5	1.692702949379301e-06	5.620352894237431e-07
133.75	1.692702949379301e-06	5.620352894237431e-07
134.0	2.552424386788555e-06	7.033552930978399e-07
134.25	2.552424386788555e-06	7.033552930978399e-07
134.5	2.552424386788555e-06	7.033552930978399e-07
134.75	2.552424386788555e-06	7.033552930978399e-07
135.0	4.730772555809271e-06	6.510666417456226e-07
135.25	4.730772555809271e-06	6.510666417456226e-07
135.5	4.730772555809271e-06	6.510666417456226e-07
135.75	4.730772555809271e-06	6.510666417456226e-07
136.0	7.98692368382935e-06	4.63058551142745e-07
136.25	7.98692368382935e-06	4.63058551142745e-07
136.5	7.98692368382935e-06	4.63058551142745e-07
136.75	7.98692368382935e-06	4.63058551142745e-07
137.0	1.1909740182797365e-05	2.7501029462513444e-07
137.25	1.1909740182797365e-05	2.7501029462513444e-07
137.5	1.1909740182797365e-05	2.7501029462513444e-07
137.75	1.1909740182797365e-05	2.7501029462513444e-07
138.0	1.5987877260015872e-05	1.8912739699610336e-07
138.25	1.5987877260015872e-05	1.8912739699610336e-07
138.5	1.5987877260015872e-05	1.8912739699610336e-07
138.75	1.5987877260015872e-05	1.8912739699610336e-07
139.0	1.964713418817841e-05	1.943392911287203e-07
139.25	1.964713418817841e-05	1.943392911287203e-07
139.5	1.964713418817841e-05	1.943392911287203e-07
139.75	1.964713418817841e-05	1.943392911287203e-07
140.0	2.2271709365990828e-05	1.9957087725696381e-07
140.25	2.2271709365990828e-05	1.9957087725696381e-07
140.5	2.2271709365990828e-05	1.9957087725696381e-07
140.75	2.2271709365990828e-05	1.9957087725696381e-07
141.0	2.339974245342102e-05	1.5269858875525547e-07
141.25	2.339974245342102e-05	1.5269858875525547e-07
141.5	2.339974245342102e-05	1.5269858875525547e-07
141.75	2.339974245342102e-05	1.5269858875525547e-07
142.0	2.284249869163501e-05	1.015057465654433e-07
142.25	2.284249869163501e-05	1.015057465654433e-07
142.5	2.284249869163501e-05	1.015057465654433e-07
142.75	2.284249869163501e-05	1.015057465654433e-07
143.0	2.0709590351497946e-05	1.3704480501554335e-07
143.25	2.0709590351497946e-05	1.3704480501554335e-07
143.5	2.0709590351497946e-05	1.3704480501554335e-07
143.75	2.0709590351497946e-05	1.3704480501554335e-07
144.0	1.7462108644259716e-05	2.8503614543311035e-07
144.25	1.7462108644259716e-05	2.8503614543311035e-07
144.5	1.7462108644259716e-05	2.8503614543311035e-07
144.75	1.7462108644259716e-05	2.8503614543311035e-07
145.0	1.3770103029757562e-05	4.5686986277235743e-07
145.25	1.3770103029757562e-05	4.5686986277235743e-07
145.5	1.3770103029757562e-05	4.5686986277235743e-07
145.75	1.3770103029757562e-05	4.5686986277235743e-07
146.0	1.0279229958139252e-05	5.185274206505168e-07
146.25	1.0279229958139252e-05	5.185274206505168e-07
146.5	1.0279229958139252e-05	5.185274206505168e-07
146.75	1.0279229958139252e-05	5.185274206505168e-07
147.0	7.5208399560999725e-06	4.172475508623379e-07
147.25	7.5208399560999725e-06	4.172475508623379e-07
147.5	7.5208399560999725e-06	4.172475508623379e-07
147.75	7.5208399560999725e-06	4.172475508623379e-07
148.0	5.935905110509239e-06	2.3208786874059966e-07
148.25	5.935905110509239e-06	2.3208786874059966e-07
148.5	5.935905110509239e-06	2.3208786874059966e-07
148.75	5.935905110509239e-06	2.3208786874059966e-07
149.0	5.806492300129586e-06	1.057977645159443e-07
149.25	5.806492300129586e-06	1.057977645159443e-07
149.5	5.806492300129586e-06	1.057977645159443e-07
149.75	5.806492300129586e-06	1.057977645159443e-07
150.0	7.153819056257029e-06	1.406084989616885e-07
150.25	7.153819056257029e-06	1.406084989616885e-07
150.5	7.153819056257029e-06	1.406084989616885e-07
150.75	7.153819056257029e-06	1.406084989616885e-07
151.0	9.77783870766489e-06	3.2277773805175454e-07
151.25	9.77783870766489e-06	3.2277773805175454e-07
151.5	9.77783870766489e-06	3.2277773805175454e-07
151.75	9.77783870766489e-06	3.2277773805175454e-07
152.0	1.330103630864551e-05	5.216325455413589e-07
152.25	1.330103630864551e-05	5.216325455413589e-07
152.5	1.330103630864551e-05	5.216325455413589e-07
152.75	1.330103630864551e-05	5.216325455413589e-07
153.0	1.7234985955701026e-05	5.976247931338185e-07
153.25	1.7234985955701026e-05	5.976247931338185e-07
153.5	1.7234985955701026e-05	5.976247931338185e-07
153.75	1.7234985955701026e-05	5.976247931338185e-07
154.0	2.10887556521283e-05	5.144588024851487e-07
154.25	2.10887556521283e-05	5.144588024851487e-07
154.5	2.10887556521283e-05	5.144588024851487e-07
154.75	2.10887556521283e-05	5.144588024851487e-07
155.0	2.4398458864845303e-05	3.480939349414356e-07
155.25	2.4398458864845303e-05	3.480939349414356e-07
155.5	2.4398458864845303e-05	3.480939349414356e-07
155.75	2.4398458864845303e-05	3.480939349414356e-07
156.0	2.6749056424700738e-05	2.1197867867778607e-07
156.25	2.6749056424700738e-05	2.1197867867778607e-07
156.5	2.6749056424700738e-05	2.1197867867778607e-07
156.75	2.6749056424700738e-05	2.1197867867778607e-07
157.0	2.785052670295729e-05	1.667640222556109e-07
157.25	2.785052670295729e-05	1.667640222556109e-07
157.5	2.785052670295729e-05	1.667640222556109e-07
157.75	2.785052670295729e-05	1.667640222556109e-07
158.0	2.7545072892522996e-05	1.889566295656127e-07
158.25	2.7545072892522996e-05	1.889566295656127e-07
158.5	2.7545072892522996e-05	1.889566295656127e-07
158.75	2.7545072892522996e-05	1.889566295656127e-07
159.0	2.5803039593970176e-05	2.1335512997782236e-07
159.25	2.5803039593970176e-05	2.1335512997782236e-07
159.5	2.5803039593970176e-05	2.1335512997782236e-07
159.75	2.5803039593970176e-05	2.1335512997782236e-07
160.0	2.278138080258993e-05	1.9831408764115244e-07
160.25	2.278138080258993e-05	1.9831408764115244e-07
160.5	2.278138080258993e-05	1.9831408764115244e-07
160.75	2.278138080258993e-05	1.9831408764115244e-07
161.0	1.893748320488533e-05	1.493250180247949e-07
161.25	1.893748320488533e-05	1.493250180247949e-07
161.5	1.893748320488533e-05	1.493250180247949e-07
161.75	1.893748320488533e-05	1.493250180247949e-07
162.0	1.4914479062103619e-05	1.054728716271633e-07
162.25	1.4914479062103619e-05	1.054728716271633e-07
162.5	1.4914479062103619e-05	1.054728716271633e-07
162.75	1.4914479062103619e-05	1.054728716271633e-07
163.0	1.1338081535947585e-05	1.0743575903674872e-07
163.25	1.1338081535947585e-05	1.0743575903674872e-07
163.5	1.1338081535947585e-05	1.0743575903674872e-07
163.75	1.1338081535947585e-05	1.0743575903674872e-07
164.0	8.691747302307387e-06	1.667862007733123e-07
164.25	8.691747302307387e-06	1.667862007733123e-07
164.5	8.691747302307387e-06	1.667862007733123e-07
164.75	8.691747302307387e-06	1.667862007733123e-07
165.0	7.233943395745631e-06	2.580313954346838e-07
165.25	7.233943395745631e-06	2.580313954346838e-07
165.5	7.233943395745631e-06	2.580313954346838e-07
165.75	7.233943395745631e-06	2.580313954346838e-07
166.0	6.9992830640461985e-06	3.3214323240700794e-07
166.25	6.9992830640461985e-06	3.3214323240700794e-07
166.5	6.9992830640461985e-06	3.3214323240700794e-07
166.75	6.9992830640461985e-06	3.3214323240700794e-07
167.0	7.825987011601169e-06	3.440712970267805e-07
167.25	7.825987011601169e-06	3.440712970267805e-07
167.5	7.825987011601169e-06	3.440712970267805e-07
167.75	7.825987011601169e-06	3.440712970267805e-07
168.0	9.447168501721514e-06	2.892589684636169e-07
168.25	9.447168501721514e-06	2.892589684636169e-07
168.5	9.447168501721514e-06	2.892589684636169e-07
168.75	9.447168501721514e-06	2.892589684636169e-07
169.0	1.1579499367340363e-05	2.0854398850283343e-07
169.25	1.1579499367340363e-05	2.0854398850283343e-07
169.5	1.1579499367340363e-05	2.0854398850283343e-07
169.75	1.1579499367340363e-05	2.0854398850283343e-07
170.0	1.392383838230333e-05	1.5401962345322569e-07
170.25	1.392383838230333e-05	1.5401962345322569e-07
170.5	1.392383838230333e-05	1.5401962345322569e-07
170.75	1.392383838230333e-05	1.5401962345322569e-07
171.0	1.621111445738526e-05	1.549037622974127e-07
171.25	1.621111445738526e-05	1.549037622974127e-07
171.5	1.621111445738526e-05	1.549037622974127e-07
171.75	1.621111445738526e-05	1.549037622974127e-07
172.0	1.8206637330449847e-05	2.0507144357979703e-07
172.25	1.8206637330449847e-05	2.0507144357979703e-07
172.5	1.8206637330449847e-05	2.0507144357979703e-07
172.75	1.8206637330449847e-05	2.0507144357979703e-07
173.0	1.969943756188136e-05	2.7274642429761117e-07
173.25	1.969943756188136e-05	2.7274642429761117e-07
173.5	1.969943756188136e-05	2.7274642429761117e-07
173.75	1.969943756188136e-05	2.7274642429761117e-07
174.0	2.060540709272438e-05	3.218174781987216e-07
174.25	2.060540709272438e-05	3.218174781987216e-07
174.5	2.060540709272438e-05	3.218174781987216e-07
174.75	2.060540709272438e-05	3.218174781987216e-07
175.0	2.0903628474072886e-05	3.3575767779703394e-07
175.25	2.0903628474072886e-05	3.3575767779703394e-07
175.5	2.0903628474072886e-05	3.3575767779703394e-07
175.75	2.0903628474072886e-05	3.3575767779703394e-07
176.0	2.0536904452516772e-05	3.237818329089213e-07
176.25	2.0536904452516772e-05	3.237818329089213e-07
176.5	2.0536904452516772e-05	3.237818329089213e-07
176.75	2.0536904452516772e-05	3.237818329089213e-07
177.0	1.9489270393316572e-05	3.0443062538223756e-07
177.25	1.9489270393316572e-05	3.0443062538223756e-07
177.5	1.9489270393316572e-05	3.0443062538223756e-07
177.75	1.9489270393316572e-05	3.0443062538223756e-07
178.0	1.780809734420204e-05	2.884230787343052e-07
178.25	1.780809734420204e-05	2.884230787343052e-07
178.5	1.780809734420204e-05	2.884230787343052e-07
178.75	1.780809734420204e-05	2.884230787343052e-07
179.0	1.5604063415557722e-05	2.7923075463413876e-07
179.25	1.5604063415557722e-05	2.7923075463413876e-07
179.5	1.5604063415557722e-05	2.7923075463413876e-07
179.75	1.5604063415557722e-05	2.7923075463413876e-07
180.0	1.3087377476594997e-05	2.810265789209967e-07
180.25	1.3087377476594997e-05	2.810265789209967e-07
180.5	1.3087377476594997e-05	2.810265789209967e-07
180.75	1.3087377476594997e-05	2.810265789209967e-07
181.0	1.0520643960204589e-05	3.008369745024644e-07
181.25	1.0520643960204589e-05	3.008369745024644e-07
181.5	1.0520643960204589e-05	3.008369745024644e-07
181.75	1.0520643960204589e-05	3.008369745024644e-07
182.0	8.15074403794902e-06	3.460789049577529e-07
182.25	8.15074403794902e-06	3.460789049577529e-07
182.5	8.15074403794902e-06	3.460789049577529e-07
182.75	8.15074403794902e-06	3.460789049577529e-07
183.0	6.169917739292841e-06	4.157210234066282e-07
183.25	6.169917739292841e-06	4.157210234066282e-07
183.5	6.169917739292841e-06	4.157210234066282e-07
183.75	6.169917739292841e-06	4.157210234066282e-07
184.0	4.699016514253005e-06	4.92812001860537e-07
184.25	4.699016514253005e-06	4.92812001860537e-07
184.5	4.699016514253005e-06	4.92812001860537e-07
184.75	4.699016514253005e-06	4.92812001860537e-07
185.0	3.834041159248647e-06	5.528445487913613e-07
185.25	3.834041159248647e-06	5.528445487913613e-07
185.5	3.834041159248647e-06	5.528445487913613e-07
185.75	3.834041159248647e-06	5.528445487913613e-07
186.0	3.6839763343870684e-06	5.76961300642947e-07
186.25	3.6839763343870684e-06	5.76961300642947e-07
186.5	3.6839763343870684e-06	5.76961300642947e-07
186.75	3.6839763343870684e-06	5.76961300642947e-07
187.0	4.3156850779026305e-06	5.598031146290535e-07
187.25	4.3156850779026305e-06	5.598031146290535e-07
187.5	4.3156850779026305e-06	5.598031146290535e-07
187.75	4.3156850779026305e-06	5.598031146290535e-07
188.0	5.624769900833767e-06	5.100910470460808e-07
188.25	5.624769900833767e-06	5.100910470460808e-07
188.5	5.624769900833767e-06	5.100910470460808e-07
188.75	5.624769900833767e-06	5.100910470460808e-07
189.0	7.278084588452483e-06	4.4101438392755324e-07
189.25	7.278084588452483e-06	4.4101438392755324e-07
189.5	7.278084588452483e-06	4.4101438392755324e-07
189.75	7.278084588452483e-06	4.4101438392755324e-07
190.0	8.79066393902624e-06	3.5941094499466195e-07
190.25	8.79066393902624e-06	3.5941094499466195e-07
190.5	8.79066393902624e-06	3.5941094499466195e-07
190.75	8.79066393902624e-06	3.5941094499466195e-07
191.0	9.664773869789332e-06	2.706392274329801e-07
191.25	9.664773869789332e-06	2.706392274329801e-07
191.5	9.664773869789332e-06	2.706392274329801e-07
191.75	9.664773869789332e-06	2.706392274329801e-07
192.0	9.604022900011197e-06	1.967414289146312e-07
192.25	9.604022900011197e-06	1.967414289146312e-07
192.5	9.604022900011197e-06	1.967414289146312e-07
192.75	9.604022900011197e-06	1.967414289146312e-07
193.0	8.725419043344858e-06	1.7681293369849678e-07
193.25	8.725419043344858e-06	1.7681293369849678e-07
193.5	8.725419043344858e-06	1.7681293369849678e-07
193.75	8.725419043344858e-06	1.7681293369849678e-07
194.0	7.538773229649556e-06	2.4158071376388683e-07
194.25	7.538773229649556e-06	2.4158071376388683e-07
194.5	7.538773229649556e-06	2.4158071376388683e-07
194.75	7.538773229649556e-06	2.4158071376388683e-07
195.0	6.666956775287778e-06	3.877407013593775e-07
195.25	6.666956775287778e-06	3.877407013593775e-07
195.5	6.666956775287778e-06	3.877407013593775e-07
195.75	6.666956775287778e-06	3.877407013593775e-07
196.0	6.494845852279591e-06	5.782093588571814e-07
196.25	6.494845852279591e-06	5.782093588571814e-07
196.5	6.494845852279591e-06	5.782093588571814e-07
196.75	6.494845852279591e-06	5.782093588571814e-07
197.0	6.9221784031365045e-06	7.646412466691215e-07
197.25	6.9221784031365045e-06	7.646412466691215e-07
197.5	6.9221784031365045e-06	7.646412466691215e-07
197.75	6.9221784031365045e-06	7.646412466691215e-07
198.0	7.391272045502608e-06	9.122694978491431e-07
198.25	7.391272045502608e-06	9.122694978491431e-07
198.5	7.391272045502608e-06	9.122694978491431e-07
198.75	7.391272045502608e-06	9.122694978491431e-07
199.0	7.2125523281901505e-06	1.010362527827304e-06
199.25	7.2125523281901505e-06	1.010362527827304e-06
199.5	7.2125523281901505e-06	1.010362527827304e-06
199.75	7.2125523281901505e-06	1.010362527827304e-06
200.0	5.998864616356954e-06	1.0625208583725675e-06
200.25	5.998864616356954e-06	1.0625208583725675e-06
200.5	5.998864616356954e-06	1.0625208583725675e-06
200.75	5.998864616356954e-06	1.0625208583725675e-06
201.0	3.983771905652423e-06	1.072851984614524e-06
201.25	3.983771905652423e-06	1.072851984614524e-06
201.5	3.983771905652423e-06	1.072851984614524e-06
201.75	3.983771905652423e-06	1.072851984614524e-06
202.0	1.979564301879271e-06	1.038180337475583e-06
202.25	1.979564301879271e-06	1.038180337475583e-06
202.5	1.979564301879271e-06	1.038180337475583e-06
202.75	1.979564301879271e-06	1.038180337475583e-06
203.0	9.311451172659518e-07	9.556091561446827e-07
203.25	9.311451172659518e-07	9.556091561446827e-07
203.5	9.311451172659518e-07	9.556091561446827e-07
203.75	9.311451172659518e-07	9.556091561446827e-07
204.0	1.3682473443365672e-06	8.286911628372873e-07
204.25	1.3682473443365672e-06	8.286911628372873e-07
204.5	1.3682473443365672e-06	8.286911628372873e-07
204.75	1.3682473443365672e-06	8.286911628372873e-07
205.0	3.125114035737285e-06	6.6795942217343e-07
205.25	3.125114035737285e-06	6.6795942217343e-07
205.5	3.125114035737285e-06	6.6795942217343e-07
205.75	3.125114035737285e-06	6.6795942217343e-07
206.0	5.45483188118444e-06	4.975413322604853e-07
206.25	5.45483188118444e-06	4.975413322604853e-07
206.5	5.45483188118444e-06	4.975413322604853e-07
206.75	5.45483188118444e-06	4.975413322604853e-07
207.0	7.41866521314512e-06	3.6117415322545585e-07
207.25	7.41866521314512e-06	3.6117415322545585e-07
207.5	7.41866521314512e-06	3.6117415322545585e-07
207.75	7.41866521314512e-06	3.6117415322545585e-07
208.0	8.360698098626738e-06	2.923922132597034e-07
208.25	8.360698098626738e-06	2.923922132597034e-07
208.5	8.360698098626738e-06	2.923922132597034e-07
208.75	8.360698098626738e-06	2.923922132597034e-07
209.0	8.20683544879352e-06	2.8548686333892255e-07
209.25	8.20683544879352e-06	2.8548686333892255e-07
209.5	8.20683544879352e-06	2.8548686333892255e-07
209.75	8.20683544879352e-06	2.8548686333892255e-07
210.0	7.370894989294993e-06	3.088853151042688e-07
210.25	7.370894989294993e-06	3.088853151042688e-07
210.5	7.370894989294993e-06	3.088853151042688e-07
210.75	7.370894989294993e-06	3.088853151042688e-07
211.0	6.429194844160969e-06	3.3540154016880183e-07
211.25	6.429194844160969e-06	3.3540154016880183e-07
211.5	6.429194844160969e-06	3.3540154016880183e-07
211.75	6.429194844160969e-06	3.3540154016880183e-07
212.0	5.799867126598384e-06	3.593074507987563e-07
212.25	5.799867126598384e-06	3.593074507987563e-07
212.5	5.799867126598384e-06	3.593074507987563e-07
212.75	5.799867126598384e-06	3.593074507987563e-07
213.0	5.563805756238361e-06	3.8685831176102747e-07
213.25	5.563805756238361e-06	3.8685831176102747e-07
213.5	5.563805756238361e-06	3.8685831176102747e-07
213.75	5.563805756238361e-06	3.8685831176102747e-07
214.0	5.5314355330838615e-06	4.1572071103670713e-07
214.25	5.5314355330838615e-06	4.1572071103670713e-07
214.5	5.5314355330838615e-06	4.1572071103670713e-07
214.75	5.5314355330838615e-06	4.1572071103670713e-07
215.0	5.469679318250993e-06	4.3606591972640617e-07
215.25	5.469679318250993e-06	4.3606591972640617e-07
215.5	5.469679318250993e-06	4.3606591972640617e-07
215.75	5.469679318250993e-06	4.3606591972640617e-07
216.0	5.310335094520816e-06	4.4266393258896233e-07
216.25	5.310335094520816e-06	4.4266393258896233e-07
216.5	5.310335094520816e-06	4.4266393258896233e-07
216.75	5.310335094520816e-06	4.4266393258896233e-07
217.0	5.20599068634424e-06	4.3738430336990004e-07
217.25	5.20599068634424e-06	4.3738430336990004e-07
217.5	5.20599068634424e-06	4.3738430336990004e-07
217.75	5.20599068634424e-06	4.3738430336990004e-07
218.0	5.40026741429972e-06	4.223701930305322e-07
218.25	5.40026741429972e-06	4.223701930305322e-07
218.5	5.40026741429972e-06	4.223701930305322e-07
218.75	5.40026741429972e-06	4.223701930305322e-07
219.0	6.021283496132164e-06	3.9533428727761544e-07
219.25	6.021283496132164e-06	3.9533428727761544e-07
219.5	6.021283496132164e-06	3.9533428727761544e-07
219.75	6.021283496132164e-06	3.9533428727761544e-07
220.0	6.960495857701897e-06	3.5949433860702035e-07
220.25	6.960495857701897e-06	3.5949433860702035e-07
220.5	6.960495857701897e-06	3.5949433860702035e-07
220.75	6.960495857701897e-06	3.5949433860702035e-07
221.0	7.911733150813314e-06	3.381742413206471e-07
221.25	7.911733150813314e-06	3.381742413206471e-07
221.5	7.911733150813314e-06	3.381742413206471e-07
221.75	7.911733150813314e-06	3.381742413206471e-07
222.0	8.541949443021087e-06	3.6122618684931315e-07
222.25	8.541949443021087e-06	3.6122618684931315e-07
222.5	8.541949443021087e-06	3.6122618684931315e-07
222.75	8.541949443021087e-06	3.6122618684931315e-07
223.0	8.706164803353787e-06	4.289272371036538e-07
223.25	8.706164803353787e-06	4.289272371036538e-07
223.5	8.706164803353787e-06	4.289272371036538e-07
223.75	8.706164803353787e-06	4.289272371036538e-07
224.0	8.580590438371505e-06	5.043687924981746e-07
224.25	8.580590438371505e-06	5.043687924981746e-07
224.5	8.580590438371505e-06	5.043687924981746e-07
224.75	8.580590438371505e-06	5.043687924981746e-07
225.0	8.58060091731588e-06	5.55477549173867e-07
225.25	8.58060091731588e-06	5.55477549173867e-07
225.5	8.58060091731588e-06	5.55477549173867e-07
225.75	8.58060091731588e-06	5.55477549173867e-07
226.0	9.108941560331696e-06	5.957649882042134e-07
226.25	9.108941560331696e-06	5.957649882042134e-07
226.5	9.108941560331696e-06	5.957649882042134e-07
226.75	9.108941560331696e-06	5.957649882042134e-07
227.0	1.0287670301142984e-05	6.79038656854298e-07
227.25	1.0287670301142984e-05	6.79038656854298e-07
227.5	1.0287670301142984e-05	6.79038656854298e-07
227.75	1.0287670301142984e-05	6.79038656854298e-07
228.0	1.1828706190245423e-05	8.540419681246303e-07
228.25	1.1828706190245423e-05	8.540419681246303e-07
228.5	1.1828706190245423e-05	8.540419681246303e-07
228.75	1.1828706190245423e-05	8.540419681246303e-07
229.0	1.3169621494747022e-05	1.1159606464543323e-06
229.25	1.3169621494747022e-05	1.1159606464543323e-06
229.5	1.3169621494747022e-05	1.1159606464543323e-06
229.75	1.3169621494747022e-05	1.1159606464543323e-06
230.0	1.3774283273958138e-05	1.3933558035100415e-06
230.25	1.3774283273958138e-05	1.3933558035100415e-06
230.5	1.3774283273958138e-05	1.3933558035100415e-06
230.75	1.3774283273958138e-05	1.3933558035100415e-06
231.0	1.33851913092124e-05	1.5793386625690032e-06
231.25	1.33851913092124e-05	1.5793386625690032e-06
231.5	1.33851913092124e-05	1.5793386625690032e-06
231.75	1.33851913092124e-05	1.5793386625690032e-06
232.0	1.212294459705992e-05	1.5818770196921824e-06
232.25	1.212294459705992e-05	1.5818770196921824e-06
232.5	1.212294459705992e-05	1.5818770196921824e-06
232.75	1.212294459705992e-05	1.5818770196921824e-06
233.0	1.041003561380499e-05	1.3765237484329048e-06
233.25	1.041003561380499e-05	1.3765237484329048e-06
233.5	1.041003561380499e-05	1.3765237484329048e-06
233.75	1.041003561380499e-05	1.3765237484329048e-06
234.0	8.75162048804265e-06	1.039753786981122e-06
234.25	8.75162048804265e-06	1.039753786981122e-06
234.5	8.75162048804265e-06	1.039753786981122e-06
234.75	8.75162048804265e-06	1.039753786981122e-06
235.0	7.48229445338519e-06	7.189334170984586e-07
235.25	7.48229445338519e-06	7.189334170984586e-07
235.5	7.48229445338519e-06	7.189334170984586e-07
235.75	7.48229445338519e-06	7.189334170984586e-07
236.0	6.6504782047727315e-06	5.487121544805146e-07
236.25	6.6504782047727315e-06	5.487121544805146e-07
236.5	6.6504782047727315e-06	5.487121544805146e-07
236.75	6.6504782047727315e-06	5.487121544805146e-07
237.0	6.0909899857250325e-06	5.722421247560878e-07
237.25	6.0909899857250325e-06	5.722421247560878e-07
237.5	6.0909899857250325e-06	5.722421247560878e-07
237.75	6.0909899857250325e-06	5.722421247560878e-07
238.0	5.584919909196594e-06	7.189870934567297e-07
238.25	5.584919909196594e-06	7.189870934567297e-07
238.5	5.584919909196594e-06	7.189870934567297e-07
238.75	5.584919909196594e-06	7.189870934567297e-07
239.0	5.014537894399147e-06	8.592875894095369e-07
239.25	5.014537894399147e-06	8.592875894095369e-07
239.5	5.014537894399147e-06	8.592875894095369e-07
239.75	5.014537894399147e-06	8.592875894095369e-07
240.0	4.4115437643264465e-06	9.007350231890735e-07
240.25	4.4115437643264465e-06	9.007350231890735e-07
240.5	4.4115437643264465e-06	9.007350231890735e-07
240.75	4.4115437643264465e-06	9.007350231890735e-07
241.0	3.8894167003942e-06	8.437899623814996e-07
241.25	3.8894167003942e-06	8.437899623814996e-07
241.5	3.8894167003942e-06	8.437899623814996e-07
241.75	3.8894167003942e-06	8.437899623814996e-07
242.0	3.5658605391009665e-06	7.563301199619511e-07
242.25	3.5658605391009665e-06	7.563301199619511e-07
242.5	3.5658605391009665e-06	7.563301199619511e-07
242.75	3.5658605391009665e-06	7.563301199619511e-07
243.0	3.503490096911502e-06	7.019767438325235e-07
243.25	3.503490096911502e-06	7.019767438325235e-07
243.5	3.503490096911502e-06	7.019767438325235e-07
243.75	3.503490096911502e-06	7.019767438325235e-07
244.0	3.6854984626305905e-06	6.977300430309838e-07
244.25	3.6854984626305905e-06	6.977300430309838e-07
244.5	3.6854984626305905e-06	6.977300430309838e-07
244.75	3.6854984626305905e-06	6.977300430309838e-07
245.0	4.069297247920681e-06	7.203754643303287e-07
245.25	4.069297247920681e-06	7.203754643303287e-07
245.5	4.069297247920681e-06	7.203754643303287e-07
245.75	4.069297247920681e-06	7.203754643303287e-07
246.0	4.663806923195555e-06	7.244845220383726e-07
246.25	4.663806923195555e-06	7.244845220383726e-07
246.5	4.663806923195555e-06	7.244845220383726e-07
246.75	4.663806923195555e-06	7.244845220383726e-07
247.0	5.58627709988929e-06	6.703196988226585e-07
247.25	5.58627709988929e-06	6.703196988226585e-07
247.5	5.58627709988929e-06	6.703196988226585e-07
247.75	5.58627709988929e-06	6.703196988226585e-07
248.0	7.079812733976596e-06	5.60468743932755e-07
248.25	7.079812733976596e-06	5.60468743932755e-07
248.5	7.079812733976596e-06	5.60468743932755e-07
248.75	7.079812733976596e-06	5.60468743932755e-07
249.0	9.345910230422176e-06	4.490035269945339e-07
249.25	9.345910230422176e-06	4.490035269945339e-07
249.5	9.345910230422176e-06	4.490035269945339e-07
249.75	9.345910230422176e-06	4.490035269945339e-07
250.0	1.2319438352421388e-05	4.203959966859501e-07
250.25	1.2319438352421388e-05	4.203959966859501e-07
250.5	1.2319438352421388e-05	4.203959966859501e-07
250.75	1.2319438352421388e-05	4.203959966859501e-07
251.0	1.5631076991917067e-05	5.449415735808777e-07
251.25	1.5631076991917067e-05	5.449415735808777e-07
251.5	1.5631076991917067e-05	5.449415735808777e-07
251.75	1.5631076991917067e-05	5.449415735808777e-07
252.0	1.8674459485714408e-05	8.219967982489797e-07
252.25	1.8674459485714408e-05	8.219967982489797e-07
252.5	1.8674459485714408e-05	8.219967982489797e-07
252.75	1.8674459485714408e-05	8.219967982489797e-07
253.0	2.0796908667780077e-05	1.162174090415668e-06
253.25	2.0796908667780077e-05	1.162174090415668e-06
253.5	2.0796908667780077e-05	1.162174090415668e-06
253.75	2.0796908667780077e-05	1.162174090415668e-06
254.0	2.1625894125051705e-05	1.423811187076433e-06
254.25	2.1625894125051705e-05	1.423811187076433e-06
254.5	2.1625894125051705e-05	1.423811187076433e-06
254.75	2.1625894125051705e-05	1.423811187076433e-06
255.0	2.1170746795700545e-05	1.475095115589711e-06
255.25	2.1170746795700545e-05	1.475095115589711e-06
255.5	2.1170746795700545e-05	1.475095115589711e-06
255.75	2.1170746795700545e-05	1.475095115589711e-06
256.0	1.9795687277401303e-05	1.2705094716566802e-06
256.25	1.9795687277401303e-05	1.2705094716566802e-06
256.5	1.9795687277401303e-05	1.2705094716566802e-06
256.75	1.9795687277401303e-05	1.2705094716566802e-06
257.0	1.8126250780321123e-05	8.898601573111733e-07
257.25	1.8126250780321123e-05	8.898601573111733e-07
257.5	1.8126250780321123e-05	8.898601573111733e-07
257.75	1.8126250780321123e-05	8.898601573111733e-07
258.0	1.6742859407860814e-05	4.972415189653428e-07
258.25	1.6742859407860814e-05	4.972415189653428e-07
258.5	1.6742859407860814e-05	4.972415189653428e-07
258.75	1.6742859407860814e-05	4.972415189653428e-07
259.0	1.5945784144912184e-05	2.6572812283046085e-07
259.25	1.5945784144912184e-05	2.6572812283046085e-07
259.5	1.5945784144912184e-05	2.6572812283046085e-07
259.75	1.5945784144912184e-05	2.6572812283046085e-07
260.0	1.575776214053617e-05	3.044959196698406e-07
260.25	1.575776214053617e-05	3.044959196698406e-07
260.5	1.575776214053617e-05	3.044959196698406e-07
260.75	1.575776214053617e-05	3.044959196698406e-07
261.0	1.6001822321735473e-05	5.949789369966258e-07
261.25	1.6001822321735473e-05	5.949789369966258e-07
261.5	1.6001822321735473e-05	5.949789369966258e-07
261.75	1.6001822321735473e-05	5.949789369966258e-07
262.0	1.6417379359613065e-05	9.86546801268604e-07
262.25	1.6417379359613065e-05	9.86546801268604e-07
262.5	1.6417379359613065e-05	9.86546801268604e-07
262.75	1.6417379359613065e-05	9.86546801268604e-07
263.0	1.6763986550813636e-05	1.2732126530480543e-06
263.25	1.6763986550813636e-05	1.2732126530480543e-06
263.5	1.6763986550813636e-05	1.2732126530480543e-06
263.75	1.6763986550813636e-05	1.2732126530480543e-06
264.0	1.687889959907914e-05	1.3034229057380989e-06
264.25	1.687889959907914e-05	1.3034229057380989e-06
264.5	1.687889959907914e-05	1.3034229057380989e-06
264.75	1.687889959907914e-05	1.3034229057380989e-06
265.0	1.6721473758667894e-05	1.0633538730412532e-06
265.25	1.6721473758667894e-05	1.0633538730412532e-06
265.5	1.6721473758667894e-05	1.0633538730412532e-06
265.75	1.6721473758667894e-05	1.0633538730412532e-06
266.0	1.6331054280494345e-05	6.818612732859789e-07
266.25	1.6331054280494345e-05	6.818612732859789e-07
266.5	1.6331054280494345e-05	6.818612732859789e-07
266.75	1.6331054280494345e-05	6.818612732859789e-07
267.0	1.576980668108291e-05	3.4478789709898184e-07
267.25	1.576980668108291e-05	3.4478789709898184e-07
267.5	1.576980668108291e-05	3.4478789709898184e-07
267.75	1.576980668108291e-05	3.4478789709898184e-07
268.0	1.507557003010433e-05	1.9011738647940236e-07
268.25	1.507557003010433e-05	1.9011738647940236e-07
268.5	1.507557003010433e-05	1.9011738647940236e-07
268.75	1.507557003010433e-05	1.9011738647940236e-07
269.0	1.4239095746465153e-05	2.401400418423199e-07
269.25	1.4239095746465153e-05	2.401400418423199e-07
269.5	1.4239095746465153e-05	2.401400418423199e-07
269.75	1.4239095746465153e-05	2.401400418423199e-07
270.0	1.3241620359899204e-05	4.0584132900548585e-07
270.25	1.3241620359899204e-05	4.0584132900548585e-07
270.5	1.3241620359899204e-05	4.0584132900548585e-07
270.75	1.3241620359899204e-05	4.0584132900548585e-07
271.0	1.2092232885910731e-05	5.601682476544185e-07
271.25	1.2092232885910731e-05	5.601682476544185e-07
271.5	1.2092232885910731e-05	5.601682476544185e-07
271.75	1.2092232885910731e-05	5.601682476544185e-07
272.0	1.0820673680051451e-05	6.135925991475589e-07
272.25	1.0820673680051451e-05	6.135925991475589e-07
272.5	1.0820673680051451e-05	6.135925991475589e-07
272.75	1.0820673680051451e-05	6.135925991475589e-07
273.0	9.467495746456508e-06	5.491758895921981e-07
273.25	9.467495746456508e-06	5.491758895921981e-07
273.5	9.467495746456508e-06	5.491758895921981e-07
273.75	9.467495746456508e-06	5.491758895921981e-07
274.0	8.096456584691994e-06	4.179086369363071e-07
274.25	8.096456584691994e-06	4.179086369363071e-07
274.5	8.096456584691994e-06	4.179086369363071e-07
274.75	8.096456584691994e-06	4.179086369363071e-07
275.0	6.810657970788973e-06	2.9689948779464e-07
275.25	6.810657970788973e-06	2.9689948779464e-07
275.5	6.810657970788973e-06	2.9689948779464e-07
275.75	6.810657970788973e-06	2.9689948779464e-07
276.0	5.70836231016558e-06	2.4028924645383105e-07
276.25	5.70836231016558e-06	2.4028924645383105e-07
276.5	5.70836231016558e-06	2.4028924645383105e-07
276.75	5.70836231016558e-06	2.4028924645383105e-07
277.0	4.8239517305309e-06	2.572366229139817e-07
277.25	4.8239517305309e-06	2.572366229139817e-07
277.5	4.8239517305309e-06	2.572366229139817e-07
277.75	4.8239517305309e-06	2.572366229139817e-07
278.0	4.1304912266256616e-06	3.184790677611482e-07
278.25	4.1304912266256616e-06	3.184790677611482e-07
278.5	4.1304912266256616e-06	3.184790677611482e-07
278.75	4.1304912266256616e-06	3.184790677611482e-07
279.0	3.5797587102695894e-06	3.7765083484171274e-07
279.25	3.5797587102695894e-06	3.7765083484171274e-07
279.5	3.5797587102695894e-06	3.7765083484171274e-07
279.75	3.5797587102695894e-06	3.7765083484171274e-07
280.0	3.134054600434297e-06	3.936729726159991e-07
280.25	3.134054600434297e-06	3.936729726159991e-07
280.5	3.134054600434297e-06	3.936729726159991e-07
280.75	3.134054600434297e-06	3.936729726159991e-07
281.0	2.766581338390682e-06	3.4911356764569655e-07
281.25	2.766581338390682e-06	3.4911356764569655e-07
281.5	2.766581338390682e-06	3.4911356764569655e-07
281.75	2.766581338390682e-06	3.4911356764569655e-07
282.0	2.451065577951531e-06	2.587310912002395e-07
282.25	2.451065577951531e-06	2.587310912002395e-07
282.5	2.451065577951531e-06	2.587310912002395e-07
282.75	2.451065577951531e-06	2.587310912002395e-07
283.0	2.1732242512599656e-06	1.5990361581085975e-07
283.25	2.1732242512599656e-06	1.5990361581085975e-07
283.5	2.1732242512599656e-06	1.5990361581085975e-07
283.75	2.1732242512599656e-06	1.5990361581085975e-07
284.0	1.9279315199441896e-06	9.163654064736256e-08
284.25	1.9279315199441896e-06	9.163654064736256e-08
284.5	1.9279315199441896e-06	9.163654064736256e-08
284.75	1.9279315199441896e-06	9.163654064736256e-08
285.0	1.7202858561163273e-06	7.54707579544792e-08
285.25	1.7202858561163273e-06	7.54707579544792e-08
285.5	1.7202858561163273e-06	7.54707579544792e-08
285.75	1.7202858561163273e-06	7.54707579544792e-08
286.0	1.5623817648496121e-06	1.0835580104536134e-07
286.25	1.5623817648496121e-06	1.0835580104536134e-07
286.5	1.5623817648496121e-06	1.0835580104536134e-07
286.75	1.5623817648496121e-06	1.0835580104536134e-07
287.0	1.4533858498976901e-06	1.6742154815233546e-07
287.25	1.4533858498976901e-06	1.6742154815233546e-07
287.5	1.4533858498976901e-06	1.6742154815233546e-07
287.75	1.4533858498976901e-06	1.6742154815233546e-07
288.0	1.3836784363166716e-06	2.2371904048187557e-07
288.25	1.3836784363166716e-06	2.2371904048187557e-07
288.5	1.3836784363166716e-06	2.2371904048187557e-07
288.75	1.3836784363166716e-06	2.2371904048187557e-07
289.0	1.3402266505771708e-06	2.566713908677663e-07
289.25	1.3402266505771708e-06	2.566713908677663e-07
289.5	1.3402266505771708e-06	2.566713908677663e-07
289.75	1.3402266505771708e-06	2.566713908677663e-07
290.0	1.3056578993210663e-06	2.5890085202307666e-07
290.25	1.3056578993210663e-06	2.5890085202307666e-07
290.5	1.3056578993210663e-06	2.5890085202307666e-07
290.75	1.3056578993210663e-06	2.5890085202307666e-07
291.0	1.270253995138513e-06	2.3536136770408025e-07
291.25	1.270253995138513e-06	2.3536136770408025e-07
291.5	1.270253995138513e-06	2.3536136770408025e-07
291.75	1.270253995138513e-06	2.3536136770408025e-07
292.0	1.2398673857206765e-06	2.0158996014565664e-07
292.25	1.2398673857206765e-06	2.0158996014565664e-07
292.5	1.2398673857206765e-06	2.0158996014565664e-07
292.75	1.2398673857206765e-06	2.0158996014565664e-07
293.0	1.2336082186457592e-06	1.7850066188316743e-07
293.25	1.2336082186457592e-06	1.7850066188316743e-07
293.5	1.2336082186457592e-06	1.7850066188316743e-07
293.75	1.2336082186457592e-06	1.7850066188316743e-07
294.0	1.2678349015993068e-06	1.8164748161746657e-07
294.25	1.2678349015993068e-06	1.8164748161746657e-07
294.5	1.2678349015993068e-06	1.8164748161746657e-07
294.75	1.2678349015993068e-06	1.8164748161746657e-07
295.0	1.3367403923264442e-06	2.1244954343765947e-07
295.25	1.3367403923264442e-06	2.1244954343765947e-07
295.5	1.3367403923264442e-06	2.1244954343765947e-07
295.75	1.3367403923264442e-06	2.1244954343765947e-07
296.0	1.4162080006249048e-06	2.5836373139523005e-07
296.25	1.4162080006249048e-06	2.5836373139523005e-07
296.5	1.4162080006249048e-06	2.5836373139523005e-07
296.75	1.4162080006249048e-06	2.5836373139523005e-07
297.0	1.4730313150462458e-06	2.9974599022358476e-07
297.25	1.4730313150462458e-06	2.9974599022358476e-07
297.5	1.4730313150462458e-06	2.9974599022358476e-07
297.75	1.4730313150462458e-06	2.9974599022358476e-07
298.0	1.4723913218244244e-06	3.188878261091e-07
298.25	1.4723913218244244e-06	3.188878261091e-07
298.5	1.4723913218244244e-06	3.188878261091e-07
298.75	1.4723913218244244e-06	3.188878261091e-07
299.0	1.3985241065378958e-06	3.0836717042865654e-07
299.25	1.3985241065378958e-06	3.0836717042865654e-07
299.5	1.3985241065378958e-06	3.0836717042865654e-07
299.75	1.3985241065378958e-06	3.0836717042865654e-07
300.0	1.2590146446387417e-06	2.7593929604990475e-07
300.25	1.2590146446387417e-06	2.7593929604990475e-07
300.5	1.2590146446387417e-06	2.7593929604990475e-07
300.75	1.2590146446387417e-06	2.7593929604990475e-07
301.0	1.0818044264680623e-06	2.4136405185318004e-07
301.25	1.0818044264680623e-06	2.4136405185318004e-07
301.5	1.0818044264680623e-06	2.4136405185318004e-07
301.75	1.0818044264680623e-06	2.4136405185318004e-07
302.0	9.209809174107766e-07	2.2437467069033047e-07
302.25	9.209809174107766e-07	2.2437467069033047e-07
302.5	9.209809174107766e-07	2.2437467069033047e-07
302.75	9.209809174107766e-07	2.2437467069033047e-07
303.0	8.311974793627068e-07	2.3288961740844236e-07
303.25	8.311974793627068e-07	2.3288961740844236e-07
303.5	8.311974793627068e-07	2.3288961740844236e-07
303.75	8.311974793627068e-07	2.3288961740844236e-07
304.0	8.381954798431221e-07	2.592754456595645e-07
304.25	8.381954798431221e-07	2.592754456595645e-07
304.5	8.381954798431221e-07	2.592754456595645e-07
304.75	8.381954798431221e-07	2.592754456595645e-07
305.0	9.362973550370803e-07	2.854769851659665e-07
305.25	9.362973550370803e-07	2.854769851659665e-07
305.5	9.362973550370803e-07	2.854769851659665e-07
305.75	9.362973550370803e-07	2.854769851659665e-07
306.0	1.096049149773997e-06	2.9303046827247554e-07
306.25	1.096049149773997e-06	2.9303046827247554e-07
306.5	1.096049149773997e-06	2.9303046827247554e-07
306.75	1.096049149773997e-06	2.9303046827247554e-07
307.0	1.2791854442196245e-06	2.7183967444928953e-07
307.25	1.2791854442196245e-06	2.7183967444928953e-07
307.5	1.2791854442196245e-06	2.7183967444928953e-07
307.75	1.2791854442196245e-06	2.7183967444928953e-07
308.0	1.4485431094443782e-06	2.256543097292162e-07
308.25	1.4485431094443782e-06	2.256543097292162e-07
308.5	1.4485431094443782e-06	2.256543097292162e-07
308.75	1.4485431094443782e-06	2.256543097292162e-07
309.0	1.5779296310893277e-06	1.7069867866353973e-07
309.25	1.5779296310893277e-06	1.7069867866353973e-07
309.5	1.5779296310893277e-06	1.7069867866353973e-07
309.75	1.5779296310893277e-06	1.7069867866353973e-07
310.0	1.6615382031190417e-06	1.2707492852634023e-07
310.25	1.6615382031190417e-06	1.2707492852634023e-07
310.5	1.6615382031190417e-06	1.2707492852634023e-07
310.75	1.6615382031190417e-06	1.2707492852634023e-07
311.0	1.7062885109352179e-06	1.0891638157795157e-07
311.25	1.7062885109352179e-06	1.0891638157795157e-07
311.5	1.7062885109352179e-06	1.0891638157795157e-07
311.75	1.7062885109352179e-06	1.0891638157795157e-07
312.0	1.724152293796564e-06	1.1696437947783476e-07
312.25	1.724152293796564e-06	1.1696437947783476e-07
312.5	1.724152293796564e-06	1.1696437947783476e-07
312.75	1.724152293796564e-06	1.1696437947783476e-07
313.0	1.7244563640148606e-06	1.3802524167879401e-07
313.25	1.7244563640148606e-06	1.3802524167879401e-07
313.5	1.7244563640148606e-06	1.3802524167879401e-07
313.75	1.7244563640148606e-06	1.3802524167879401e-07
314.0	1.7038544197515995e-06	1.5386464213319954e-07
314.25	1.7038544197515995e-06	1.5386464213319954e-07
314.5	1.7038544197515995e-06	1.5386464213319954e-07
314.75	1.7038544197515995e-06	1.5386464213319954e-07
315.0	1.6571310180519859e-06	1.5273825472223995e-07
315.25	1.6571310180519859e-06	1.5273825472223995e-07
315.5	1.6571310180519859e-06	1.5273825472223995e-07
315.75	1.6571310180519859e-06	1.5273825472223995e-07
316.0	1.5897147542462623e-06	1.347618373506969e-07
316.25	1.5897147542462623e-06	1.347618373506969e-07
316.5	1.5897147542462623e-06	1.347618373506969e-07
316.75	1.5897147542462623e-06	1.347618373506969e-07
317.0	1.5063513943233247e-06	1.1033407530549959e-07
317.25	1.5063513943233247e-06	1.1033407530549959e-07
317.5	1.5063513943233247e-06	1.1033407530549959e-07
317.75	1.5063513943233247e-06	1.1033407530549959e-07
318.0	1.406764266059125e-06	9.408569443090379e-08
318.25	1.406764266059125e-06	9.408569443090379e-08
318.5	1.406764266059125e-06	9.408569443090379e-08
318.75	1.406764266059125e-06	9.408569443090379e-08
319.0	1.3027889503437156e-06	9.652647095451513e-08
319.25	1.3027889503437156e-06	9.652647095451513e-08
319.5	1.3027889503437156e-06	9.652647095451513e-08
319.75	1.3027889503437156e-06	9.652647095451513e-08
320.0	1.2127804258617905e-06	1.1932864257640528e-07
320.25	1.2127804258617905e-06	1.1932864257640528e-07
320.5	1.2127804258617905e-06	1.1932864257640528e-07
320.75	1.2127804258617905e-06	1.1932864257640528e-07
321.0	1.1433764647252032e-06	1.5521569718613802e-07
321.25	1.1433764647252032e-06	1.5521569718613802e-07
321.5	1.1433764647252032e-06	1.5521569718613802e-07
321.75	1.1433764647252032e-06	1.5521569718613802e-07
322.0	1.090624968122022e-06	1.9114115312468148e-07
322.25	1.090624968122022e-06	1.9114115312468148e-07
322.5	1.090624968122022e-06	1.9114115312468148e-07
322.75	1.090624968122022e-06	1.9114115312468148e-07
323.0	1.0492686067127764e-06	2.1336664766783749e-07
323.25	1.0492686067127764e-06	2.1336664766783749e-07
323.5	1.0492686067127764e-06	2.1336664766783749e-07
323.75	1.0492686067127764e-06	2.1336664766783749e-07
324.0	1.0144931762303267e-06	2.1428854552685795e-07
324.25	1.0144931762303267e-06	2.1428854552685795e-07
324.5	1.0144931762303267e-06	2.1428854552685795e-07
324.75	1.0144931762303267e-06	2.1428854552685795e-07
325.0	9.809051753072216e-07	1.9833522663743926e-07
325.25	9.809051753072216e-07	1.9833522663743926e-07
325.5	9.809051753072216e-07	1.9833522663743926e-07
325.75	9.809051753072216e-07	1.9833522663743926e-07
326.0	9.446543233638236e-07	1.775680124456664e-07
326.25	9.446543233638236e-07	1.775680124456664e-07
326.5	9.446543233638236e-07	1.775680124456664e-07
326.75	9.446543233638236e-07	1.775680124456664e-07
327.0	9.055202433885905e-07	1.6444379916701353e-07
327.25	9.055202433885905e-07	1.6444379916701353e-07
327.5	9.055202433885905e-07	1.6444379916701353e-07
327.75	9.055202433885905e-07	1.6444379916701353e-07
328.0	8.655547773932163e-07	1.686977551690475e-07
328.25	8.655547773932163e-07	1.686977551690475e-07
328.5	8.655547773932163e-07	1.686977551690475e-07
328.75	8.655547773932163e-07	1.686977551690475e-07
329.0	8.340340543953105e-07	1.9194102949746254e-07
329.25	8.340340543953105e-07	1.9194102949746254e-07
329.5	8.340340543953105e-07	1.9194102949746254e-07
329.75	8.340340543953105e-07	1.9194102949746254e-07
330.0	8.261554493729956e-07	2.24394730687547e-07
330.25	8.261554493729956e-07	2.24394730687547e-07
330.5	8.261554493729956e-07	2.24394730687547e-07
330.75	8.261554493729956e-07	2.24394730687547e-07
331.0	8.454707079079959e-07	2.503119422555237e-07
331.25	8.454707079079959e-07	2.503119422555237e-07
331.5	8.454707079079959e-07	2.503119422555237e-07
331.75	8.454707079079959e-07	2.503119422555237e-07
332.0	8.799012974816322e-07	2.5946594894032844e-07
332.25	8.799012974816322e-07	2.5946594894032844e-07
332.5	8.799012974816322e-07	2.5946594894032844e-07
332.75	8.799012974816322e-07	2.5946594894032844e-07
333.0	9.105328712530127e-07	2.5520364676367786e-07
333.25	9.105328712530127e-07	2.5520364676367786e-07
333.5	9.105328712530127e-07	2.5520364676367786e-07
333.75	9.105328712530127e-07	2.5520364676367786e-07
334.0	9.177279531063861e-07	2.518115384207779e-07
334.25	9.177279531063861e-07	2.518115384207779e-07
334.5	9.177279531063861e-07	2.518115384207779e-07
334.75	9.177279531063861e-07	2.518115384207779e-07
335.0	8.955346101788867e-07	2.653223549034584e-07
335.25	8.955346101788867e-07	2.653223549034584e-07
335.5	8.955346101788867e-07	2.653223549034584e-07
335.75	8.955346101788867e-07	2.653223549034584e-07
336.0	8.66136031223536e-07	3.0567487460668423e-07
336.25	8.66136031223536e-07	3.0567487460668423e-07
336.5	8.66136031223536e-07	3.0567487460668423e-07
336.75	8.66136031223536e-07	3.0567487460668423e-07
337.0	8.792706294521401e-07	3.7321747703541366e-07
337.25	8.792706294521401e-07	3.7321747703541366e-07
337.5	8.792706294521401e-07	3.7321747703541366e-07
337.75	8.792706294521401e-07	3.7321747703541366e-07
338.0	9.955992565562854e-07	4.570086916581115e-07
338.25	9.955992565562854e-07	4.570086916581115e-07
338.5	9.955992565562854e-07	4.570086916581115e-07
338.75	9.955992565562854e-07	4.570086916581115e-07
339.0	1.2516291192747469e-06	5.334589985693642e-07
339.25	1.2516291192747469e-06	5.334589985693642e-07
339.5	1.2516291192747469e-06	5.334589985693642e-07
339.75	1.2516291192747469e-06	5.334589985693642e-07
340.0	1.634940339666425e-06	5.750042137408117e-07
340.25	1.634940339666425e-06	5.750042137408117e-07
340.5	1.634940339666425e-06	5.750042137408117e-07
340.75	1.634940339666425e-06	5.750042137408117e-07
341.0	2.0785707268211046e-06	5.713363181825054e-07
341.25	2.0785707268211046e-06	5.713363181825054e-07
341.5	2.0785707268211046e-06	5.713363181825054e-07
341.75	2.0785707268211046e-06	5.713363181825054e-07
342.0	2.4879719676389697e-06	5.364733681661783e-07
342.25	2.4879719676389697e-06	5.364733681661783e-07
342.5	2.4879719676389697e-06	5.364733681661783e-07
342.75	2.4879719676389697e-06	5.364733681661783e-07
343.0	2.780558529087572e-06	4.996200018274874e-07
343.25	2.780558529087572e-06	4.996200018274874e-07
343.5	2.780558529087572e-06	4.996200018274874e-07
343.75	2.780558529087572e-06	4.996200018274874e-07
344.0	2.9083666915596105e-06	4.90496047191222e-07
344.25	2.9083666915596105e-06	4.90496047191222e-07
344.5	2.9083666915596105e-06	4.90496047191222e-07
344.75	2.9083666915596105e-06	4.90496047191222e-07
345.0	2.890969774870902e-06	5.228450562233609e-07
345.25	2.890969774870902e-06	5.228450562233609e-07
345.5	2.890969774870902e-06	5.228450562233609e-07
345.75	2.890969774870902e-06	5.228450562233609e-07
346.0	2.8074331380556163e-06	5.913891271985117e-07
346.25	2.8074331380556163e-06	5.913891271985117e-07
346.5	2.8074331380556163e-06	5.913891271985117e-07
346.75	2.8074331380556163e-06	5.913891271985117e-07
347.0	2.7512296123364757e-06	6.702357613349222e-07
347.25	2.7512296123364757e-06	6.702357613349222e-07
347.5	2.7512296123364757e-06	6.702357613349222e-07
347.75	2.7512296123364757e-06	6.702357613349222e-07
348.0	2.814229104179491e-06	7.171801913330459e-07
348.25	2.814229104179491e-06	7.171801913330459e-07
348.5	2.814229104179491e-06	7.171801913330459e-07
348.75	2.814229104179491e-06	7.171801913330459e-07
349.0	3.0645263463056583e-06	7.027104063166214e-07
349.25	3.0645263463056583e-06	7.027104063166214e-07
349.5	3.0645263463056583e-06	7.027104063166214e-07
349.75	3.0645263463056583e-06	7.027104063166214e-07
350.0	3.5160379313198375e-06	6.352215888942282e-07
350.25	3.5160379313198375e-06	6.352215888942282e-07
350.5	3.5160379313198375e-06	6.352215888942282e-07
350.75	3.5160379313198375e-06	6.352215888942282e-07
351.0	4.150988352401144e-06	5.549704375210302e-07
351.25	4.150988352401144e-06	5.549704375210302e-07
351.5	4.150988352401144e-06	5.549704375210302e-07
351.75	4.150988352401144e-06	5.549704375210302e-07
352.0	4.95720666496298e-06	5.052780674037887e-07
352.25	4.95720666496298e-06	5.052780674037887e-07
352.5	4.95720666496298e-06	5.052780674037887e-07
352.75	4.95720666496298e-06	5.052780674037887e-07
353.0	5.889355891393366e-06	5.08192949121731e-07
353.25	5.889355891393366e-06	5.08192949121731e-07
353.5	5.889355891393366e-06	5.08192949121731e-07
353.75	5.889355891393366e-06	5.08192949121731e-07
354.0	6.845757898246294e-06	5.580493487026286e-07
354.25	6.845757898246294e-06	5.580493487026286e-07
354.5	6.845757898246294e-06	5.580493487026286e-07
354.75	6.845757898246294e-06	5.580493487026286e-07
355.0	7.712409586771268e-06	6.272747971673153e-07
355.25	7.712409586771268e-06	6.272747971673153e-07
355.5	7.712409586771268e-06	6.272747971673153e-07
355.75	7.712409586771268e-06	6.272747971673153e-07
356.0	8.379779188607124e-06	6.816680550116347e-07
356.25	8.379779188607124e-06	6.816680550116347e-07
356.5	8.379779188607124e-06	6.816680550116347e-07
356.75	8.379779188607124e-06	6.816680550116347e-07
357.0	8.751716730032491e-06	7.093267720628879e-07
357.25	8.751716730032491e-06	7.093267720628879e-07
357.5	8.751716730032491e-06	7.093267720628879e-07
357.75	8.751716730032491e-06	7.093267720628879e-07
358.0	8.821563470080076e-06	7.425112630453662e-07
358.25	8.821563470080076e-06	7.425112630453662e-07
358.5	8.821563470080076e-06	7.425112630453662e-07
358.75	8.821563470080076e-06	7.425112630453662e-07
359.0	8.692868023448339e-06	8.413899069051064e-07
359.25	8.692868023448339e-06	8.413899069051064e-07
359.5	8.692868023448339e-06	8.413899069051064e-07
359.75	8.692868023448339e-06	8.413899069051064e-07
360.0	8.51662201576623e-06	1.0452708951398345e-06
360.25	8.51662201576623e-06	1.0452708951398345e-06
360.5	8.51662201576623e-06	1.0452708951398345e-06
360.75	8.51662201576623e-06	1.0452708951398345e-06
361.0	8.437058383273558e-06	1.337254637255778e-06
361.25	8.437058383273558e-06	1.337254637255778e-06
361.5	8.437058383273558e-06	1.337254637255778e-06
361.75	8.437058383273558e-06	1.337254637255778e-06
362.0	8.516882304854551e-06	1.6459305384597555e-06
362.25	8.516882304854551e-06	1.6459305384597555e-06
362.5	8.516882304854551e-06	1.6459305384597555e-06
362.75	8.516882304854551e-06	1.6459305384597555e-06
363.0	8.708558519473194e-06	1.8717144957540486e-06
363.25	8.708558519473194e-06	1.8717144957540486e-06
363.5	8.708558519473194e-06	1.8717144957540486e-06
363.75	8.708558519473194e-06	1.8717144957540486e-06
364.0	8.902634648226054e-06	1.937366370959591e-06
364.25	8.902634648226054e-06	1.937366370959591e-06
364.5	8.902634648226054e-06	1.937366370959591e-06
364.75	8.902634648226054e-06	1.937366370959591e-06
365.0	8.948413394719298e-06	1.83332508580414e-06
365.25	8.948413394719298e-06	1.83332508580414e-06
365.5	8.948413394719298e-06	1.83332508580414e-06
365.75	8.948413394719298e-06	1.83332508580414e-06
366.0	8.681262342905483e-06	1.6259091242808236e-06
366.25	8.681262342905483e-06	1.6259091242808236e-06
366.5	8.681262342905483e-06	1.6259091242808236e-06
366.75	8.681262342905483e-06	1.6259091242808236e-06
367.0	8.055019501589694e-06	1.4318479185119393e-06
367.25	8.055019501589694e-06	1.4318479185119393e-06
367.5	8.055019501589694e-06	1.4318479185119393e-06
367.75	8.055019501589694e-06	1.4318479185119393e-06
368.0	7.20740665680401e-06	1.3628665778546845e-06
368.25	7.20740665680401e-06	1.3628665778546845e-06
368.5	7.20740665680401e-06	1.3628665778546845e-06
368.75	7.20740665680401e-06	1.3628665778546845e-06
369.0	6.358380807646999e-06	1.4673477804449356e-06
369.25	6.358380807646999e-06	1.4673477804449356e-06
369.5	6.358380807646999e-06	1.4673477804449356e-06
369.75	6.358380807646999e-06	1.4673477804449356e-06
370.0	5.69961298175059e-06	1.7150522073708074e-06
370.25	5.69961298175059e-06	1.7150522073708074e-06
370.5	5.69961298175059e-06	1.7150522073708074e-06
370.75	5.69961298175059e-06	1.7150522073708074e-06
371.0	5.323115323028864e-06	2.0395807701870603e-06
371.25	5.323115323028864e-06	2.0395807701870603e-06
371.5	5.323115323028864e-06	2.0395807701870603e-06
371.75	5.323115323028864e-06	2.0395807701870603e-06
372.0	5.195529656233915e-06	2.394804414012174e-06
372.25	5.195529656233915e-06	2.394804414012174e-06
372.5	5.195529656233915e-06	2.394804414012174e-06
372.75	5.195529656233915e-06	2.394804414012174e-06
373.0	5.1881223420184775e-06	2.7715930711095055e-06
373.25	5.1881223420184775e-06	2.7715930711095055e-06
373.5	5.1881223420184775e-06	2.7715930711095055e-06
373.75	5.1881223420184775e-06	2.7715930711095055e-06
374.0	5.129403245498717e-06	3.174434336797857e-06
374.25	5.129403245498717e-06	3.174434336797857e-06
374.5	5.129403245498717e-06	3.174434336797857e-06
374.75	5.129403245498717e-06	3.174434336797857e-06
375.0	4.8689894060773385e-06	3.599937227342925e-06
375.25	4.8689894060773385e-06	3.599937227342925e-06
375.5	4.8689894060773385e-06	3.599937227342925e-06
375.75	4.8689894060773385e-06	3.599937227342925e-06
376.0	4.3524085192848285e-06	4.039293902482279e-06
376.25	4.3524085192848285e-06	4.039293902482279e-06
376.5	4.3524085192848285e-06	4.039293902482279e-06
376.75	4.3524085192848285e-06	4.039293902482279e-06
377.0	3.642414165953987e-06	4.489021501756811e-06
377.25	3.642414165953987e-06	4.489021501756811e-06
377.5	3.642414165953987e-06	4.489021501756811e-06
377.75	3.642414165953987e-06	4.489021501756811e-06
378.0	2.8710017503955253e-06	4.9263836593455734e-06
378.25	2.8710017503955253e-06	4.9263836593455734e-06
378.5	2.8710017503955253e-06	4.9263836593455734e-06
378.75	2.8710017503955253e-06	4.9263836593455734e-06
379.0	2.1722131868538633e-06	5.283018457679007e-06
379.25	2.1722131868538633e-06	5.283018457679007e-06
379.5	2.1722131868538633e-06	5.283018457679007e-06
379.75	2.1722131868538633e-06	5.283018457679007e-06
380.0	1.6446516252381305e-06	5.488293600885978e-06
380.25	1.6446516252381305e-06	5.488293600885978e-06
380.5	1.6446516252381305e-06	5.488293600885978e-06
380.75	1.6446516252381305e-06	5.488293600885978e-06
381.0	1.3536913834852792e-06	5.529612356289562e-06
381.25	1.3536913834852792e-06	5.529612356289562e-06
381.5	1.3536913834852792e-06	5.529612356289562e-06
381.75	1.3536913834852792e-06	5.529612356289562e-06
382.0	1.317419512559301e-06	5.463389497138539e-06
382.25	1.317419512559301e-06	5.463389497138539e-06
382.5	1.317419512559301e-06	5.463389497138539e-06
382.75	1.317419512559301e-06	5.463389497138539e-06
383.0	1.5040473846656483e-06	5.376630401258156e-06
383.25	1.5040473846656483e-06	5.376630401258156e-06
383.5	1.5040473846656483e-06	5.376630401258156e-06
383.75	1.5040473846656483e-06	5.376630401258156e-06
384.0	1.8578523034318885e-06	5.332650693334765e-06
384.25	1.8578523034318885e-06	5.332650693334765e-06
384.5	1.8578523034318885e-06	5.332650693334765e-06
384.75	1.8578523034318885e-06	5.332650693334765e-06
385.0	2.323786452222582e-06	5.33905234542577e-06
385.25	2.323786452222582e-06	5.33905234542577e-06
385.5	2.323786452222582e-06	5.33905234542577e-06
385.75	2.323786452222582e-06	5.33905234542577e-06
386.0	2.8549885815839942e-06	5.3616241279472086e-06
386.25	2.8549885815839942e-06	5.3616241279472086e-06
386.5	2.8549885815839942e-06	5.3616241279472086e-06
386.75	2.8549885815839942e-06	5.3616241279472086e-06
387.0	3.387007983749614e-06	5.357227887768123e-06
387.25	3.387007983749614e-06	5.357227887768123e-06
387.5	3.387007983749614e-06	5.357227887768123e-06
387.75	3.387007983749614e-06	5.357227887768123e-06
388.0	3.8451849057990416e-06	5.292899473715975e-06
388.25	3.8451849057990416e-06	5.292899473715975e-06
388.5	3.8451849057990416e-06	5.292899473715975e-06
388.75	3.8451849057990416e-06	5.292899473715975e-06
389.0	4.181185480425786e-06	5.152262159038131e-06
389.25	4.181185480425786e-06	5.152262159038131e-06
389.5	4.181185480425786e-06	5.152262159038131e-06
389.75	4.181185480425786e-06	5.152262159038131e-06
390.0	4.361701230675239e-06	4.935323130092022e-06
390.25	4.361701230675239e-06	4.935323130092022e-06
390.5	4.361701230675239e-06	4.935323130092022e-06
390.75	4.361701230675239e-06	4.935323130092022e-06
391.0	4.358868006684515e-06	4.657561434452491e-06
391.25	4.358868006684515e-06	4.657561434452491e-06
391.5	4.358868006684515e-06	4.657561434452491e-06
391.75	4.358868006684515e-06	4.657561434452491e-06
392.0	4.171348209888109e-06	4.351579253952575e-06
392.25	4.171348209888109e-06	4.351579253952575e-06
392.5	4.171348209888109e-06	4.351579253952575e-06
392.75	4.171348209888109e-06	4.351579253952575e-06
393.0	3.838269977805198e-06	4.056117790098967e-06
393.25	3.838269977805198e-06	4.056117790098967e-06
393.5	3.838269977805198e-06	4.056117790098967e-06
393.75	3.838269977805198e-06	4.056117790098967e-06
394.0	3.4422470634804896e-06	3.783969357930921e-06
394.25	3.4422470634804896e-06	3.783969357930921e-06
394.5	3.4422470634804896e-06	3.783969357930921e-06
394.75	3.4422470634804896e-06	3.783969357930921e-06
395.0	3.079401397628891e-06	3.5088622951332155e-06
395.25	3.079401397628891e-06	3.5088622951332155e-06
395.5	3.079401397628891e-06	3.5088622951332155e-06
395.75	3.079401397628891e-06	3.5088622951332155e-06
396.0	2.822504071565502e-06	3.202126615594116e-06
396.25	2.822504071565502e-06	3.202126615594116e-06
396.5	2.822504071565502e-06	3.202126615594116e-06
396.75	2.822504071565502e-06	3.202126615594116e-06
397.0	2.72297520940391e-06	2.8682719944895054e-06
397.25	2.72297520940391e-06	2.8682719944895054e-06
397.5	2.72297520940391e-06	2.8682719944895054e-06
397.75	2.72297520940391e-06	2.8682719944895054e-06
398.0	2.823857065947105e-06	2.5452139731473774e-06
398.25	2.823857065947105e-06	2.5452139731473774e-06
398.5	2.823857065947105e-06	2.5452139731473774e-06
398.75	2.823857065947105e-06	2.5452139731473774e-06
399.0	3.141903772081261e-06	2.280713702822911e-06
399.25	3.141903772081261e-06	2.280713702822911e-06
399.5	3.141903772081261e-06	2.280713702822911e-06
399.75	3.141903772081261e-06	2.280713702822911e-06
400.0	3.642444852461044e-06	2.1160250809027415e-06
400.25	3.642444852461044e-06	2.1160250809027415e-06
400.5	3.642444852461044e-06	2.1160250809027415e-06
400.75	3.642444852461044e-06	2.1160250809027415e-06
401.0	4.225377395100321e-06	2.0731875650859645e-06
401.25	4.225377395100321e-06	2.0731875650859645e-06
401.5	4.225377395100321e-06	2.0731875650859645e-06
401.75	4.225377395100321e-06	2.0731875650859645e-06
402.0	4.722272888864885e-06	2.1448989736915693e-06
402.25	4.722272888864885e-06	2.1448989736915693e-06
402.5	4.722272888864885e-06	2.1448989736915693e-06
402.75	4.722272888864885e-06	2.1448989736915693e-06
403.0	4.953492977088274e-06	2.2901238559003326e-06
403.25	4.953492977088274e-06	2.2901238559003326e-06
403.5	4.953492977088274e-06	2.2901238559003326e-06
403.75	4.953492977088274e-06	2.2901238559003326e-06
404.0	4.8357278898131796e-06	2.446937945320613e-06
404.25	4.8357278898131796e-06	2.446937945320613e-06
404.5	4.8357278898131796e-06	2.446937945320613e-06
404.75	4.8357278898131796e-06	2.446937945320613e-06
405.0	4.421756223450055e-06	2.561205546639367e-06
405.25	4.421756223450055e-06	2.561205546639367e-06
405.5	4.421756223450055e-06	2.561205546639367e-06
405.75	4.421756223450055e-06	2.561205546639367e-06
406.0	3.862832489704007e-06	2.605614540784098e-06
406.25	3.862832489704007e-06	2.605614540784098e-06
406.5	3.862832489704007e-06	2.605614540784098e-06
406.75	3.862832489704007e-06	2.605614540784098e-06
407.0	3.355934397201672e-06	2.5791944411623697e-06
407.25	3.355934397201672e-06	2.5791944411623697e-06
407.5	3.355934397201672e-06	2.5791944411623697e-06
407.75	3.355934397201672e-06	2.5791944411623697e-06
408.0	3.080457784799869e-06	2.499183029449979e-06
408.25	3.080457784799869e-06	2.499183029449979e-06
408.5	3.080457784799869e-06	2.499183029449979e-06
408.75	3.080457784799869e-06	2.499183029449979e-06
409.0	3.1190972485000655e-06	2.393363255353737e-06
409.25	3.1190972485000655e-06	2.393363255353737e-06
409.5	3.1190972485000655e-06	2.393363255353737e-06
409.75	3.1190972485000655e-06	2.393363255353737e-06
410.0	3.4223362926096005e-06	2.2898170626875925e-06
410.25	3.4223362926096005e-06	2.2898170626875925e-06
410.5	3.4223362926096005e-06	2.2898170626875925e-06
410.75	3.4223362926096005e-06	2.2898170626875925e-06
411.0	3.847581423972303e-06	2.2027421373920784e-06
411.25	3.847581423972303e-06	2.2027421373920784e-06
411.5	3.847581423972303e-06	2.2027421373920784e-06
411.75	3.847581423972303e-06	2.2027421373920784e-06
412.0	4.234683586311075e-06	2.127662529976959e-06
412.25	4.234683586311075e-06	2.127662529976959e-06
412.5	4.234683586311075e-06	2.127662529976959e-06
412.75	4.234683586311075e-06	2.127662529976959e-06
413.0	4.484125336710725e-06	2.0506739184895365e-06
413.25	4.484125336710725e-06	2.0506739184895365e-06
413.5	4.484125336710725e-06	2.0506739184895365e-06
413.75	4.484125336710725e-06	2.0506739184895365e-06
414.0	4.5766137326418254e-06	1.9648773433514485e-06
414.25	4.5766137326418254e-06	1.9648773433514485e-06
414.5	4.5766137326418254e-06	1.9648773433514485e-06
414.75	4.5766137326418254e-06	1.9648773433514485e-06
415.0	4.554401565089396e-06	1.8822842279273082e-06
415.25	4.554401565089396e-06	1.8822842279273082e-06
415.5	4.554401565089396e-06	1.8822842279273082e-06
415.75	4.554401565089396e-06	1.8822842279273082e-06
416.0	4.5121998472527755e-06	1.8257637489403215e-06
416.25	4.5121998472527755e-06	1.8257637489403215e-06
416.5	4.5121998472527755e-06	1.8257637489403215e-06
416.75	4.5121998472527755e-06	1.8257637489403215e-06
417.0	4.547777492155076e-06	1.8093639715946182e-06
417.25	4.547777492155076e-06	1.8093639715946182e-06
417.5	4.547777492155076e-06	1.8093639715946182e-06
417.75	4.547777492155076e-06	1.8093639715946182e-06
418.0	4.676346202526923e-06	1.8296188429264744e-06
418.25	4.676346202526923e-06	1.8296188429264744e-06
418.5	4.676346202526923e-06	1.8296188429264744e-06
418.75	4.676346202526923e-06	1.8296188429264744e-06
419.0	4.7885454098364195e-06	1.8749741946578005e-06
419.25	4.7885454098364195e-06	1.8749741946578005e-06
419.5	4.7885454098364195e-06	1.8749741946578005e-06
419.75	4.7885454098364195e-06	1.8749741946578005e-06
420.0	4.692831822042865e-06	1.9389668132596022e-06
420.25	4.692831822042865e-06	1.9389668132596022e-06
420.5	4.692831822042865e-06	1.9389668132596022e-06
420.75	4.692831822042865e-06	1.9389668132596022e-06
421.0	4.243904724086026e-06	2.015846482136175e-06
421.25	4.243904724086026e-06	2.015846482136175e-06
421.5	4.243904724086026e-06	2.015846482136175e-06
421.75	4.243904724086026e-06	2.015846482136175e-06
422.0	3.4545138502687303e-06	2.0881790441530965e-06
422.25	3.4545138502687303e-06	2.0881790441530965e-06
422.5	3.4545138502687303e-06	2.0881790441530965e-06
422.75	3.4545138502687303e-06	2.0881790441530965e-06
423.0	2.5155775141378932e-06	2.1316265190462863e-06
423.25	2.5155775141378932e-06	2.1316265190462863e-06
423.5	2.5155775141378932e-06	2.1316265190462863e-06
423.75	2.5155775141378932e-06	2.1316265190462863e-06
424.0	1.7537012153474573e-06	2.1313029557821516e-06
424.25	1.7537012153474573e-06	2.1313029557821516e-06
424.5	1.7537012153474573e-06	2.1313029557821516e-06
424.75	1.7537012153474573e-06	2.1313029557821516e-06
425.0	1.4944911611583533e-06	2.084184124946319e-06
425.25	1.4944911611583533e-06	2.084184124946319e-06
425.5	1.4944911611583533e-06	2.084184124946319e-06
425.75	1.4944911611583533e-06	2.084184124946319e-06
426.0	1.8717139113972315e-06	1.990722560585742e-06
426.25	1.8717139113972315e-06	1.990722560585742e-06
426.5	1.8717139113972315e-06	1.990722560585742e-06
426.75	1.8717139113972315e-06	1.990722560585742e-06
427.0	2.739789521325706e-06	1.8594705305816412e-06
427.25	2.739789521325706e-06	1.8594705305816412e-06
427.5	2.739789521325706e-06	1.8594705305816412e-06
427.75	2.739789521325706e-06	1.8594705305816412e-06
428.0	3.7591323552029934e-06	1.7182752280256705e-06
428.25	3.7591323552029934e-06	1.7182752280256705e-06
428.5	3.7591323552029934e-06	1.7182752280256705e-06
428.75	3.7591323552029934e-06	1.7182752280256705e-06
429.0	4.5548986558725855e-06	1.610344845890447e-06
429.25	4.5548986558725855e-06	1.610344845890447e-06
429.5	4.5548986558725855e-06	1.610344845890447e-06
429.75	4.5548986558725855e-06	1.610344845890447e-06
430.0	4.86351506253994e-06	1.5774006680040687e-06
430.25	4.86351506253994e-06	1.5774006680040687e-06
430.5	4.86351506253994e-06	1.5774006680040687e-06
430.75	4.86351506253994e-06	1.5774006680040687e-06
431.0	4.639185840622304e-06	1.64083587350709e-06
431.25	4.639185840622304e-06	1.64083587350709e-06
431.5	4.639185840622304e-06	1.64083587350709e-06
431.75	4.639185840622304e-06	1.64083587350709e-06
432.0	4.062785494712629e-06	1.7873961019670617e-06
432.25	4.062785494712629e-06	1.7873961019670617e-06
432.5	4.062785494712629e-06	1.7873961019670617e-06
432.75	4.062785494712629e-06	1.7873961019670617e-06
433.0	3.462074878510478e-06	1.9741818384579374e-06
433.25	3.462074878510478e-06	1.9741818384579374e-06
433.5	3.462074878510478e-06	1.9741818384579374e-06
433.75	3.462074878510478e-06	1.9741818384579374e-06
434.0	3.2010630191368517e-06	2.147125425047599e-06
434.25	3.2010630191368517e-06	2.147125425047599e-06
434.5	3.2010630191368517e-06	2.147125425047599e-06
434.75	3.2010630191368517e-06	2.147125425047599e-06
435.0	3.552932164767869e-06	2.2628166582137685e-06
435.25	3.552932164767869e-06	2.2628166582137685e-06
435.5	3.552932164767869e-06	2.2628166582137685e-06
435.75	3.552932164767869e-06	2.2628166582137685e-06
436.0	4.614332559929127e-06	2.3085468151989266e-06
436.25	4.614332559929127e-06	2.3085468151989266e-06
436.5	4.614332559929127e-06	2.3085468151989266e-06
436.75	4.614332559929127e-06	2.3085468151989266e-06
437.0	6.2924042582604636e-06	2.297137214647883e-06
437.25	6.2924042582604636e-06	2.297137214647883e-06
437.5	6.2924042582604636e-06	2.297137214647883e-06
437.75	6.2924042582604636e-06	2.297137214647883e-06
438.0	8.309170878757436e-06	2.2344362220942037e-06
438.25	8.309170878757436e-06	2.2344362220942037e-06
438.5	8.309170878757436e-06	2.2344362220942037e-06
438.75	8.309170878757436e-06	2.2344362220942037e-06
439.0	1.0249349315047744e-05	2.1081261699621402e-06
439.25	1.0249349315047744e-05	2.1081261699621402e-06
439.5	1.0249349315047744e-05	2.1081261699621402e-06
439.75	1.0249349315047744e-05	2.1081261699621402e-06
440.0	1.1700217325665239e-05	1.9152031042299806e-06
440.25	1.1700217325665239e-05	1.9152031042299806e-06
440.5	1.1700217325665239e-05	1.9152031042299806e-06
440.75	1.1700217325665239e-05	1.9152031042299806e-06
441.0	1.2376536649829604e-05	1.6895798123779524e-06
441.25	1.2376536649829604e-05	1.6895798123779524e-06
441.5	1.2376536649829604e-05	1.6895798123779524e-06
441.75	1.2376536649829604e-05	1.6895798123779524e-06
442.0	1.2161349892276459e-05	1.510948061078491e-06
442.25	1.2161349892276459e-05	1.510948061078491e-06
442.5	1.2161349892276459e-05	1.510948061078491e-06
442.75	1.2161349892276459e-05	1.510948061078491e-06
443.0	1.1111059448392516e-05	1.4898550348994726e-06
443.25	1.1111059448392516e-05	1.4898550348994726e-06
443.5	1.1111059448392516e-05	1.4898550348994726e-06
443.75	1.1111059448392516e-05	1.4898550348994726e-06
444.0	9.434298697864917e-06	1.7119219713630619e-06
444.25	9.434298697864917e-06	1.7119219713630619e-06
444.5	9.434298697864917e-06	1.7119219713630619e-06
444.75	9.434298697864917e-06	1.7119219713630619e-06
445.0	7.48558887537998e-06	2.1710444665644176e-06
445.25	7.48558887537998e-06	2.1710444665644176e-06
445.5	7.48558887537998e-06	2.1710444665644176e-06
445.75	7.48558887537998e-06	2.1710444665644176e-06
446.0	5.769826346197765e-06	2.7566101313475995e-06
446.25	5.769826346197765e-06	2.7566101313475995e-06
446.5	5.769826346197765e-06	2.7566101313475995e-06
446.75	5.769826346197765e-06	2.7566101313475995e-06
447.0	4.8598215536594975e-06	3.302862265309287e-06
447.25	4.8598215536594975e-06	3.302862265309287e-06
447.5	4.8598215536594975e-06	3.302862265309287e-06
447.75	4.8598215536594975e-06	3.302862265309287e-06
448.0	5.210876679175819e-06	3.665315998706271e-06
448.25	5.210876679175819e-06	3.665315998706271e-06
448.5	5.210876679175819e-06	3.665315998706271e-06
448.75	5.210876679175819e-06	3.665315998706271e-06
449.0	6.946542498940783e-06	3.7815112596143305e-06
449.25	6.946542498940783e-06	3.7815112596143305e-06
449.5	6.946542498940783e-06	3.7815112596143305e-06
449.75	6.946542498940783e-06	3.7815112596143305e-06
450.0	9.733469942280755e-06	3.6691576291311583e-06
450.25	9.733469942280755e-06	3.6691576291311583e-06
450.5	9.733469942280755e-06	3.6691576291311583e-06
450.75	9.733469942280755e-06	3.6691576291311583e-06
451.0	1.287791057284558e-05	3.386828169417833e-06
451.25	1.287791057284558e-05	3.386828169417833e-06
451.5	1.287791057284558e-05	3.386828169417833e-06
451.75	1.287791057284558e-05	3.386828169417833e-06
452.0	1.560022655967076e-05	3.0053958899588924e-06
452.25	1.560022655967076e-05	3.0053958899588924e-06
452.5	1.560022655967076e-05	3.0053958899588924e-06
452.75	1.560022655967076e-05	3.0053958899588924e-06
453.0	1.7342177826689305e-05	2.5914580274304177e-06
453.25	1.7342177826689305e-05	2.5914580274304177e-06
453.5	1.7342177826689305e-05	2.5914580274304177e-06
453.75	1.7342177826689305e-05	2.5914580274304177e-06
454.0	1.8012698792909235e-05	2.18830985495566e-06
454.25	1.8012698792909235e-05	2.18830985495566e-06
454.5	1.8012698792909235e-05	2.18830985495566e-06
454.75	1.8012698792909235e-05	2.18830985495566e-06
455.0	1.804577264609827e-05	1.8150364955740752e-06
455.25	1.804577264609827e-05	1.8150364955740752e-06
455.5	1.804577264609827e-05	1.8150364955740752e-06
455.75	1.804577264609827e-05	1.8150364955740752e-06
456.0	1.82110129983734e-05	1.4783910730170211e-06
456.25	1.82110129983734e-05	1.4783910730170211e-06
456.5	1.82110129983734e-05	1.4783910730170211e-06
456.75	1.82110129983734e-05	1.4783910730170211e-06
457.0	1.9294406017391432e-05	1.1818974192450745e-06
457.25	1.9294406017391432e-05	1.1818974192450745e-06
457.5	1.9294406017391432e-05	1.1818974192450745e-06
457.75	1.9294406017391432e-05	1.1818974192450745e-06
458.0	2.1829148547762816e-05	9.381241963604716e-07
458.25	2.1829148547762816e-05	9.381241963604716e-07
458.5	2.1829148547762816e-05	9.381241963604716e-07
458.75	2.1829148547762816e-05	9.381241963604716e-07
459.0	2.59341682362991e-05	7.914940430652623e-07
459.25	2.59341682362991e-05	7.914940430652623e-07
459.5	2.59341682362991e-05	7.914940430652623e-07
459.75	2.59341682362991e-05	7.914940430652623e-07
460.0	3.1249255660801725e-05	8.189371477273474e-07
460.25	3.1249255660801725e-05	8.189371477273474e-07
460.5	3.1249255660801725e-05	8.189371477273474e-07
460.75	3.1249255660801725e-05	8.189371477273474e-07
461.0	3.698344783737496e-05	1.082351510339159e-06
461.25	3.698344783737496e-05	1.082351510339159e-06
461.5	3.698344783737496e-05	1.082351510339159e-06
461.75	3.698344783737496e-05	1.082351510339159e-06
462.0	4.2083488577475044e-05	1.5739725222376649e-06
462.25	4.2083488577475044e-05	1.5739725222376649e-06
462.5	4.2083488577475044e-05	1.5739725222376649e-06
462.75	4.2083488577475044e-05	1.5739725222376649e-06
463.0	4.549687135449437e-05	2.199839617458762e-06
463.25	4.549687135449437e-05	2.199839617458762e-06
463.5	4.549687135449437e-05	2.199839617458762e-06
463.75	4.549687135449437e-05	2.199839617458762e-06
464.0	4.6480793367100594e-05	2.806726908380572e-06
464.25	4.6480793367100594e-05	2.806726908380572e-06
464.5	4.6480793367100594e-05	2.806726908380572e-06
464.75	4.6480793367100594e-05	2.806726908380572e-06
465.0	4.484827340953356e-05	3.2405027988390525e-06
465.25	4.484827340953356e-05	3.2405027988390525e-06
465.5	4.484827340953356e-05	3.2405027988390525e-06
465.75	4.484827340953356e-05	3.2405027988390525e-06
466.0	4.10309112172402e-05	3.412659532733474e-06
466.25	4.10309112172402e-05	3.412659532733474e-06
466.5	4.10309112172402e-05	3.412659532733474e-06
466.75	4.10309112172402e-05	3.412659532733474e-06
467.0	3.5938451373934656e-05	3.331155754395811e-06
467.25	3.5938451373934656e-05	3.331155754395811e-06
467.5	3.5938451373934656e-05	3.331155754395811e-06
467.75	3.5938451373934656e-05	3.331155754395811e-06
468.0	3.069360590644527e-05	3.0676852623897224e-06
468.25	3.069360590644527e-05	3.0676852623897224e-06
468.5	3.069360590644527e-05	3.0676852623897224e-06
468.75	3.069360590644527e-05	3.0676852623897224e-06
469.0	2.6315952517002716e-05	2.695644316222588e-06
469.25	2.6315952517002716e-05	2.695644316222588e-06
469.5	2.6315952517002716e-05	2.695644316222588e-06
469.75	2.6315952517002716e-05	2.695644316222588e-06
470.0	2.3461573810467418e-05	2.258025755018866e-06
470.25	2.3461573810467418e-05	2.258025755018866e-06
470.5	2.3461573810467418e-05	2.258025755018866e-06
470.75	2.3461573810467418e-05	2.258025755018866e-06
471.0	2.2367036310023843e-05	1.7968193548749897e-06
471.25	2.2367036310023843e-05	1.7968193548749897e-06
471.5	2.2367036310023843e-05	1.7968193548749897e-06
471.75	2.2367036310023843e-05	1.7968193548749897e-06
472.0	2.301982079606114e-05	1.4048300091441478e-06
472.25	2.301982079606114e-05	1.4048300091441478e-06
472.5	2.301982079606114e-05	1.4048300091441478e-06
472.75	2.301982079606114e-05	1.4048300091441478e-06
473.0	2.5399539026327224e-05	1.225910473503685e-06
473.25	2.5399539026327224e-05	1.225910473503685e-06
473.5	2.5399539026327224e-05	1.225910473503685e-06
473.75	2.5399539026327224e-05	1.225910473503685e-06
474.0	2.9621542168341082e-05	1.3730270620718412e-06
474.25	2.9621542168341082e-05	1.3730270620718412e-06
474.5	2.9621542168341082e-05	1.3730270620718412e-06
474.75	2.9621542168341082e-05	1.3730270620718412e-06
475.0	3.604490194651496e-05	1.8306649109509053e-06
475.25	3.604490194651496e-05	1.8306649109509053e-06
475.5	3.604490194651496e-05	1.8306649109509053e-06
475.75	3.604490194651496e-05	1.8306649109509053e-06
476.0	4.5414248214579433e-05	2.4379776478241814e-06
476.25	4.5414248214579433e-05	2.4379776478241814e-06
476.5	4.5414248214579433e-05	2.4379776478241814e-06
476.75	4.5414248214579433e-05	2.4379776478241814e-06
477.0	5.879442602420348e-05	2.9536021647974377e-06
477.25	5.879442602420348e-05	2.9536021647974377e-06
477.5	5.879442602420348e-05	2.9536021647974377e-06
477.75	5.879442602420348e-05	2.9536021647974377e-06
478.0	7.71614568947574e-05	3.1605156654612548e-06
478.25	7.71614568947574e-05	3.1605156654612548e-06
478.5	7.71614568947574e-05	3.1605156654612548e-06
478.75	7.71614568947574e-05	3.1605156654612548e-06
479.0	0.00010073104804792765	2.958223327207899e-06
479.25	0.00010073104804792765	2.958223327207899e-06
479.5	0.00010073104804792765	2.958223327207899e-06
479.75	0.00010073104804792765	2.958223327207899e-06
480.0	0.000128330282940109	2.389937700870863e-06
480.25	0.000128330282940109	2.389937700870863e-06
480.5	0.000128330282940109	2.389937700870863e-06
480.75	0.000128330282940109	2.389937700870863e-06
481.0	0.00015720229234385616	1.612578717827855e-06
481.25	0.00015720229234385616	1.612578717827855e-06
481.5	0.00015720229234385616	1.612578717827855e-06
481.75	0.00015720229234385616	1.612578717827855e-06
482.0	0.00018349381841517887	8.638699052338726e-07
482.25	0.00018349381841517887	8.638699052338726e-07
482.5	0.00018349381841517887	8.638699052338726e-07
482.75	0.00018349381841517887	8.638699052338726e-07
483.0	0.00020334675042268455	4.168233210270568e-07
483.25	0.00020334675042268455	4.168233210270568e-07
483.5	0.00020334675042268455	4.168233210270568e-07
483.75	0.00020334675042268455	4.168233210270568e-07
484.0	0.00021418697645293964	4.873389800888787e-07
484.25	0.00021418697645293964	4.873389800888787e-07
484.5	0.00021418697645293964	4.873389800888787e-07
484.75	0.00021418697645293964	4.873389800888787e-07
485.0	0.00021544917398932603	1.132627592584283e-06
485.25	0.00021544917398932603	1.132627592584283e-06
485.5	0.00021544917398932603	1.132627592584283e-06
485.75	0.00021544917398932603	1.132627592584283e-06
486.0	0.00020846987349780057	2.2040918656872785e-06
486.25	0.00020846987349780057	2.2040918656872785e-06
486.5	0.00020846987349780057	2.2040918656872785e-06
486.75	0.00020846987349780057	2.2040918656872785e-06
487.0	0.0001957887575072964	3.383980412687741e-06
487.25	0.0001957887575072964	3.383980412687741e-06
487.5	0.0001957887575072964	3.383980412687741e-06
487.75	0.0001957887575072964	3.383980412687741e-06
488.0	0.00018012422138705115	4.298614351026459e-06
488.25	0.00018012422138705115	4.298614351026459e-06
488.5	0.00018012422138705115	4.298614351026459e-06
488.75	0.00018012422138705115	4.298614351026459e-06
489.0	0.0001635155671781905	4.666565727383206e-06
489.25	0.0001635155671781905	4.666565727383206e-06
489.5	0.0001635155671781905	4.666565727383206e-06
489.75	0.0001635155671781905	4.666565727383206e-06
490.0	0.00014709741976898813	4.401168132296167e-06
490.25	0.00014709741976898813	4.401168132296167e-06
490.5	0.00014709741976898813	4.401168132296167e-06
490.75	0.00014709741976898813	4.401168132296167e-06
491.0	0.0001313882665914884	3.613521707185239e-06
491.25	0.0001313882665914884	3.613521707185239e-06
491.5	0.0001313882665914884	3.613521707185239e-06
491.75	0.0001313882665914884	3.613521707185239e-06
492.0	0.00011655119907376584	2.5523353655679436e-06
492.25	0.00011655119907376584	2.5523353655679436e-06
492.5	0.00011655119907376584	2.5523353655679436e-06
492.75	0.00011655119907376584	2.5523353655679436e-06
493.0	0.00010245577994473332	1.5381307954016928e-06
493.25	0.00010245577994473332	1.5381307954016928e-06
493.5	0.00010245577994473332	1.5381307954016928e-06
493.75	0.00010245577994473332	1.5381307954016928e-06
494.0	8.883656249124556e-05	8.615670231076019e-07
494.25	8.883656249124556e-05	8.615670231076019e-07
494.5	8.883656249124556e-05	8.615670231076019e-07
494.75	8.883656249124556e-05	8.615670231076019e-07
495.0	7.554206953645675e-05	6.694821734126153e-07
495.25	7.554206953645675e-05	6.694821734126153e-07
495.5	7.554206953645675e-05	6.694821734126153e-07
495.75	7.554206953645675e-05	6.694821734126153e-07
496.0	6.26424246097136e-05	9.179079746310348e-07
496.25	6.26424246097136e-05	9.179079746310348e-07
496.5	6.26424246097136e-05	9.179079746310348e-07
496.75	6.26424246097136e-05	9.179079746310348e-07
497.0	5.0463483674094646e-05	1.4197811865412014e-06
497.25	5.0463483674094646e-05	1.4197811865412014e-06
497.5	5.0463483674094646e-05	1.4197811865412014e-06
497.75	5.0463483674094646e-05	1.4197811865412014e-06
498.0	3.958090648292541e-05	1.9538485651602164e-06
498.25	3.958090648292541e-05	1.9538485651602164e-06
498.5	3.958090648292541e-05	1.9538485651602164e-06
498.75	3.958090648292541e-05	1.9538485651602164e-06
499.0	3.048900312211743e-05	2.365052370851393e-06
499.25	3.048900312211743e-05	2.365052370851393e-06
499.5	3.048900312211743e-05	2.365052370851393e-06
499.75	3.048900312211743e-05	2.365052370851393e-06
500.0	2.3309800406328544e-05	2.6124693118152588e-06
500.25	2.3309800406328544e-05	2.6124693118152588e-06
500.5	2.3309800406328544e-05	2.6124693118152588e-06
500.75	2.3309800406328544e-05	2.6124693118152588e-06
501.0	1.785421366856794e-05	2.7556115908570934e-06
501.25	1.785421366856794e-05	2.7556115908570934e-06
501.5	1.785421366856794e-05	2.7556115908570934e-06
501.75	1.785421366856794e-05	2.7556115908570934e-06
502.0	1.3847492854038019e-05	2.8784466362151697e-06
502.25	1.3847492854038019e-05	2.8784466362151697e-06
502.5	1.3847492854038019e-05	2.8784466362151697e-06
502.75	1.3847492854038019e-05	2.8784466362151697e-06
503.0	1.1063452369214552e-05	3.0217411944691317e-06
503.25	1.1063452369214552e-05	3.0217411944691317e-06
503.5	1.1063452369214552e-05	3.0217411944691317e-06
503.75	1.1063452369214552e-05	3.0217411944691317e-06
504.0	9.303178925403935e-06	3.1681542711695377e-06
504.25	9.303178925403935e-06	3.1681542711695377e-06
504.5	9.303178925403935e-06	3.1681542711695377e-06
504.75	9.303178925403935e-06	3.1681542711695377e-06
505.0	8.344303144284658e-06	3.257488047986539e-06
505.25	8.344303144284658e-06	3.257488047986539e-06
505.5	8.344303144284658e-06	3.257488047986539e-06
505.75	8.344303144284658e-06	3.257488047986539e-06
506.0	7.941981842628941e-06	3.219689712641752e-06
506.25	7.941981842628941e-06	3.219689712641752e-06
506.5	7.941981842628941e-06	3.219689712641752e-06
506.75	7.941981842628941e-06	3.219689712641752e-06
507.0	7.854688536423204e-06	3.0302724321406e-06
507.25	7.854688536423204e-06	3.0302724321406e-06
507.5	7.854688536423204e-06	3.0302724321406e-06
507.75	7.854688536423204e-06	3.0302724321406e-06
508.0	7.856253318232502e-06	2.742384433893299e-06
508.25	7.856253318232502e-06	2.742384433893299e-06
508.5	7.856253318232502e-06	2.742384433893299e-06
508.75	7.856253318232502e-06	2.742384433893299e-06
509.0	7.754920100895887e-06	2.4545925171418675e-06
509.25	7.754920100895887e-06	2.4545925171418675e-06
509.5	7.754920100895887e-06	2.4545925171418675e-06
509.75	7.754920100895887e-06	2.4545925171418675e-06
510.0	7.452876502332636e-06	2.243100064944155e-06
510.25	7.452876502332636e-06	2.243100064944155e-06
510.5	7.452876502332636e-06	2.243100064944155e-06
510.75	7.452876502332636e-06	2.243100064944155e-06
511.0	6.999050560042239e-06	2.1233083563770464e-06
511.25	6.999050560042239e-06	2.1233083563770464e-06
511.5	6.999050560042239e-06	2.1233083563770464e-06
511.75	6.999050560042239e-06	2.1233083563770464e-06
512.0	6.549024619319076e-06	2.0542306321552517e-06
512.25	6.549024619319076e-06	2.0542306321552517e-06
512.5	6.549024619319076e-06	2.0542306321552517e-06
512.75	6.549024619319076e-06	2.0542306321552517e-06
513.0	6.27692602518481e-06	1.964324113093873e-06
513.25	6.27692602518481e-06	1.964324113093873e-06
513.5	6.27692602518481e-06	1.964324113093873e-06
513.75	6.27692602518481e-06	1.964324113093873e-06
514.0	6.324387696713109e-06	1.805295979796978e-06
514.25	6.324387696713109e-06	1.805295979796978e-06
514.5	6.324387696713109e-06	1.805295979796978e-06
514.75	6.324387696713109e-06	1.805295979796978e-06
515.0	6.773061119067581e-06	1.6007071665989043e-06
515.25	6.773061119067581e-06	1.6007071665989043e-06
515.5	6.773061119067581e-06	1.6007071665989043e-06
515.75	6.773061119067581e-06	1.6007071665989043e-06
516.0	7.6160393896299495e-06	1.4317171254511227e-06
516.25	7.6160393896299495e-06	1.4317171254511227e-06
516.5	7.6160393896299495e-06	1.4317171254511227e-06
516.75	7.6160393896299495e-06	1.4317171254511227e-06
517.0	8.749892957061875e-06	1.365892026655049e-06
517.25	8.749892957061875e-06	1.365892026655049e-06
517.5	8.749892957061875e-06	1.365892026655049e-06
517.75	8.749892957061875e-06	1.365892026655049e-06
518.0	1.0013353660954972e-05	1.4050925707426e-06
518.25	1.0013353660954972e-05	1.4050925707426e-06
518.5	1.0013353660954972e-05	1.4050925707426e-06
518.75	1.0013353660954972e-05	1.4050925707426e-06
519.0	1.1228038534051717e-05	1.492392171839863e-06
519.25	1.1228038534051717e-05	1.492392171839863e-06
519.5	1.1228038534051717e-05	1.492392171839863e-06
519.75	1.1228038534051717e-05	1.492392171839863e-06
520.0	1.2211014978323095e-05	1.5522647437333351e-06
520.25	1.2211014978323095e-05	1.5522647437333351e-06
520.5	1.2211014978323095e-05	1.5522647437333351e-06
520.75	1.2211014978323095e-05	1.5522647437333351e-06
521.0	1.2802154633215726e-05	1.5377602923944146e-06
521.25	1.2802154633215726e-05	1.5377602923944146e-06
521.5	1.2802154633215726e-05	1.5377602923944146e-06
521.75	1.2802154633215726e-05	1.5377602923944146e-06
522.0	1.2906085248976716e-05	1.4536522884619636e-06
522.25	1.2906085248976716e-05	1.4536522884619636e-06
522.5	1.2906085248976716e-05	1.4536522884619636e-06
522.75	1.2906085248976716e-05	1.4536522884619636e-06
523.0	1.2498005185846696e-05	1.3445133429251138e-06
523.25	1.2498005185846696e-05	1.3445133429251138e-06
523.5	1.2498005185846696e-05	1.3445133429251138e-06
523.75	1.2498005185846696e-05	1.3445133429251138e-06
524.0	1.160616930571462e-05	1.2701306886066436e-06
524.25	1.160616930571462e-05	1.2701306886066436e-06
524.5	1.160616930571462e-05	1.2701306886066436e-06
524.75	1.160616930571462e-05	1.2701306886066436e-06
525.0	1.0341038333640481e-05	1.2715001020404566e-06
525.25	1.0341038333640481e-05	1.2715001020404566e-06
525.5	1.0341038333640481e-05	1.2715001020404566e-06
525.75	1.0341038333640481e-05	1.2715001020404566e-06
526.0	8.905386606932007e-06	1.340481258122992e-06
526.25	8.905386606932007e-06	1.340481258122992e-06
526.5	8.905386606932007e-06	1.340481258122992e-06
526.75	8.905386606932007e-06	1.340481258122992e-06
527.0	7.5288392937502645e-06	1.421882163729562e-06
527.25	7.5288392937502645e-06	1.421882163729562e-06
527.5	7.5288392937502645e-06	1.421882163729562e-06
527.75	7.5288392937502645e-06	1.421882163729562e-06
528.0	6.4065649348041424e-06	1.4540900100518074e-06
528.25	6.4065649348041424e-06	1.4540900100518074e-06
528.5	6.4065649348041424e-06	1.4540900100518074e-06
528.75	6.4065649348041424e-06	1.4540900100518074e-06
529.0	5.6353749319315305e-06	1.4073222015395657e-06
529.25	5.6353749319315305e-06	1.4073222015395657e-06
529.5	5.6353749319315305e-06	1.4073222015395657e-06
529.75	5.6353749319315305e-06	1.4073222015395657e-06
530.0	5.1788954893060395e-06	1.2899526546398077e-06
530.25	5.1788954893060395e-06	1.2899526546398077e-06
530.5	5.1788954893060395e-06	1.2899526546398077e-06
530.75	5.1788954893060395e-06	1.2899526546398077e-06
531.0	4.921554035840826e-06	1.1444182997638308e-06
531.25	4.921554035840826e-06	1.1444182997638308e-06
531.5	4.921554035840826e-06	1.1444182997638308e-06
531.75	4.921554035840826e-06	1.1444182997638308e-06
532.0	4.751074377598201e-06	1.0248894207212556e-06
532.25	4.751074377598201e-06	1.0248894207212556e-06
532.5	4.751074377598201e-06	1.0248894207212556e-06
532.75	4.751074377598201e-06	1.0248894207212556e-06
533.0	4.608541177048628e-06	9.597832147537608e-07
533.25	4.608541177048628e-06	9.597832147537608e-07
533.5	4.608541177048628e-06	9.597832147537608e-07
533.75	4.608541177048628e-06	9.597832147537608e-07
534.0	4.48881164505243e-06	9.440638134147105e-07
534.25	4.48881164505243e-06	9.440638134147105e-07
534.5	4.48881164505243e-06	9.440638134147105e-07
534.75	4.48881164505243e-06	9.440638134147105e-07
535.0	4.403828590226216e-06	9.572908752431943e-07
535.25	4.403828590226216e-06	9.572908752431943e-07
535.5	4.403828590226216e-06	9.572908752431943e-07
535.75	4.403828590226216e-06	9.572908752431943e-07
536.0	4.348427441714529e-06	9.825765743643197e-07
536.25	4.348427441714529e-06	9.825765743643197e-07
536.5	4.348427441714529e-06	9.825765743643197e-07
536.75	4.348427441714529e-06	9.825765743643197e-07
537.0	4.291094838996657e-06	1.021309822738275e-06
537.25	4.291094838996657e-06	1.021309822738275e-06
537.5	4.291094838996657e-06	1.021309822738275e-06
537.75	4.291094838996657e-06	1.021309822738275e-06
538.0	4.187326058072973e-06	1.0941392780400217e-06
538.25	4.187326058072973e-06	1.0941392780400217e-06
538.5	4.187326058072973e-06	1.0941392780400217e-06
538.75	4.187326058072973e-06	1.0941392780400217e-06
539.0	3.996061861404459e-06	1.2246634268759782e-06
539.25	3.996061861404459e-06	1.2246634268759782e-06
539.5	3.996061861404459e-06	1.2246634268759782e-06
539.75	3.996061861404459e-06	1.2246634268759782e-06
540.0	3.7035825150374242e-06	1.41114597155592e-06
540.25	3.7035825150374242e-06	1.41114597155592e-06
540.5	3.7035825150374242e-06	1.41114597155592e-06
540.75	3.7035825150374242e-06	1.41114597155592e-06
541.0	3.351502868141827e-06	1.6071851368840683e-06
541.25	3.351502868141827e-06	1.6071851368840683e-06
541.5	3.351502868141827e-06	1.6071851368840683e-06
541.75	3.351502868141827e-06	1.6071851368840683e-06
542.0	3.0331604596736435e-06	1.7422029177650244e-06
542.25	3.0331604596736435e-06	1.7422029177650244e-06
542.5	3.0331604596736435e-06	1.7422029177650244e-06
542.75	3.0331604596736435e-06	1.7422029177650244e-06
543.0	2.856966036852399e-06	1.765368302212032e-06
543.25	2.856966036852399e-06	1.765368302212032e-06
543.5	2.856966036852399e-06	1.765368302212032e-06
543.75	2.856966036852399e-06	1.765368302212032e-06
544.0	2.9077222742739515e-06	1.669571990223298e-06
544.25	2.9077222742739515e-06	1.669571990223298e-06
544.5	2.9077222742739515e-06	1.669571990223298e-06
544.75	2.9077222742739515e-06	1.669571990223298e-06
545.0	3.2221415569938276e-06	1.4937160111229093e-06
545.25	3.2221415569938276e-06	1.4937160111229093e-06
545.5	3.2221415569938276e-06	1.4937160111229093e-06
545.75	3.2221415569938276e-06	1.4937160111229093e-06
546.0	3.76958279206422e-06	1.3088792734404937e-06
546.25	3.76958279206422e-06	1.3088792734404937e-06
546.5	3.76958279206422e-06	1.3088792734404937e-06
546.75	3.76958279206422e-06	1.3088792734404937e-06
547.0	4.4450908800756044e-06	1.1738159596429601e-06
547.25	4.4450908800756044e-06	1.1738159596429601e-06
547.5	4.4450908800756044e-06	1.1738159596429601e-06
547.75	4.4450908800756044e-06	1.1738159596429601e-06
548.0	5.105404818374932e-06	1.096666370833623e-06
548.25	5.105404818374932e-06	1.096666370833623e-06
548.5	5.105404818374932e-06	1.096666370833623e-06
548.75	5.105404818374932e-06	1.096666370833623e-06
549.0	5.632639038242679e-06	1.0510312122429328e-06
549.25	5.632639038242679e-06	1.0510312122429328e-06
549.5	5.632639038242679e-06	1.0510312122429328e-06
549.75	5.632639038242679e-06	1.0510312122429328e-06
550.0	5.970617973218598e-06	1.010295044819768e-06
550.25	5.970617973218598e-06	1.010295044819768e-06
550.5	5.970617973218598e-06	1.010295044819768e-06
550.75	5.970617973218598e-06	1.010295044819768e-06
551.0	6.116873201938079e-06	9.659735207797148e-07
551.25	6.116873201938079e-06	9.659735207797148e-07
551.5	6.116873201938079e-06	9.659735207797148e-07
551.75	6.116873201938079e-06	9.659735207797148e-07
552.0	6.103616463651517e-06	9.290845040128242e-07
552.25	6.103616463651517e-06	9.290845040128242e-07
552.5	6.103616463651517e-06	9.290845040128242e-07
552.75	6.103616463651517e-06	9.290845040128242e-07
553.0	5.988769689430055e-06	9.126581352967655e-07
553.25	5.988769689430055e-06	9.126581352967655e-07
553.5	5.988769689430055e-06	9.126581352967655e-07
553.75	5.988769689430055e-06	9.126581352967655e-07
554.0	5.828377154815656e-06	9.163190441764553e-07
554.25	5.828377154815656e-06	9.163190441764553e-07
554.5	5.828377154815656e-06	9.163190441764553e-07
554.75	5.828377154815656e-06	9.163190441764553e-07
555.0	5.662115114699456e-06	9.303299813154427e-07
555.25	5.662115114699456e-06	9.303299813154427e-07
555.5	5.662115114699456e-06	9.303299813154427e-07
555.75	5.662115114699456e-06	9.303299813154427e-07
556.0	5.5054747107901835e-06	9.470532272341427e-07
556.25	5.5054747107901835e-06	9.470532272341427e-07
556.5	5.5054747107901835e-06	9.470532272341427e-07
556.75	5.5054747107901835e-06	9.470532272341427e-07
557.0	5.329527121099182e-06	9.66743619769029e-07
557.25	5.329527121099182e-06	9.66743619769029e-07
557.5	5.329527121099182e-06	9.66743619769029e-07
557.75	5.329527121099182e-06	9.66743619769029e-07
558.0	5.092433049143249e-06	1.0037858679451913e-06
558.25	5.092433049143249e-06	1.0037858679451913e-06
558.5	5.092433049143249e-06	1.0037858679451913e-06
558.75	5.092433049143249e-06	1.0037858679451913e-06
559.0	4.7776063370442806e-06	1.0896486669403915e-06
559.25	4.7776063370442806e-06	1.0896486669403915e-06
559.5	4.7776063370442806e-06	1.0896486669403915e-06
559.75	4.7776063370442806e-06	1.0896486669403915e-06
560.0	4.403145801247468e-06	1.2478601929511267e-06
560.25	4.403145801247468e-06	1.2478601929511267e-06
560.5	4.403145801247468e-06	1.2478601929511267e-06
560.75	4.403145801247468e-06	1.2478601929511267e-06
561.0	4.052516376263885e-06	1.4590337646396003e-06
561.25	4.052516376263885e-06	1.4590337646396003e-06
561.5	4.052516376263885e-06	1.4590337646396003e-06
561.75	4.052516376263885e-06	1.4590337646396003e-06
562.0	3.863697896840603e-06	1.6565487406548788e-06
562.25	3.863697896840603e-06	1.6565487406548788e-06
562.5	3.863697896840603e-06	1.6565487406548788e-06
562.75	3.863697896840603e-06	1.6565487406548788e-06
563.0	3.970834353134882e-06	1.7482787477848111e-06
563.25	3.970834353134882e-06	1.7482787477848111e-06
563.5	3.970834353134882e-06	1.7482787477848111e-06
563.75	3.970834353134882e-06	1.7482787477848111e-06
564.0	4.459329110073422e-06	1.651946893745871e-06
564.25	4.459329110073422e-06	1.651946893745871e-06
564.5	4.459329110073422e-06	1.651946893745871e-06
564.75	4.459329110073422e-06	1.651946893745871e-06
565.0	5.338613679740686e-06	1.3548433691209176e-06
565.25	5.338613679740686e-06	1.3548433691209176e-06
565.5	5.338613679740686e-06	1.3548433691209176e-06
565.75	5.338613679740686e-06	1.3548433691209176e-06
566.0	6.516257189203547e-06	9.520916339858383e-07
566.25	6.516257189203547e-06	9.520916339858383e-07
566.5	6.516257189203547e-06	9.520916339858383e-07
566.75	6.516257189203547e-06	9.520916339858383e-07
567.0	7.793455147145184e-06	6.15759357691136e-07
567.25	7.793455147145184e-06	6.15759357691136e-07
567.5	7.793455147145184e-06	6.15759357691136e-07
567.75	7.793455147145184e-06	6.15759357691136e-07
568.0	8.910223527855677e-06	5.054638764430335e-07
568.25	8.910223527855677e-06	5.054638764430335e-07
568.5	8.910223527855677e-06	5.054638764430335e-07
568.75	8.910223527855677e-06	5.054638764430335e-07
569.0	9.638108932567783e-06	6.750565544295535e-07
569.25	9.638108932567783e-06	6.750565544295535e-07
569.5	9.638108932567783e-06	6.750565544295535e-07
569.75	9.638108932567783e-06	6.750565544295535e-07
570.0	9.87572298465581e-06	1.050929489868922e-06
570.25	9.87572298465581e-06	1.050929489868922e-06
570.5	9.87572298465581e-06	1.050929489868922e-06
570.75	9.87572298465581e-06	1.050929489868922e-06
571.0	9.697694785692743e-06	1.4818406549458461e-06
571.25	9.697694785692743e-06	1.4818406549458461e-06
571.5	9.697694785692743e-06	1.4818406549458461e-06
571.75	9.697694785692743e-06	1.4818406549458461e-06
572.0	9.31744818893491e-06	1.8235812589857358e-06
572.25	9.31744818893491e-06	1.8235812589857358e-06
572.5	9.31744818893491e-06	1.8235812589857358e-06
572.75	9.31744818893491e-06	1.8235812589857358e-06
573.0	8.981083895009972e-06	2.006927644203746e-06
573.25	8.981083895009972e-06	2.006927644203746e-06
573.5	8.981083895009972e-06	2.006927644203746e-06
573.75	8.981083895009972e-06	2.006927644203746e-06
574.0	8.881165119237026e-06	2.0292813005102884e-06
574.25	8.881165119237026e-06	2.0292813005102884e-06
574.5	8.881165119237026e-06	2.0292813005102884e-06
574.75	8.881165119237026e-06	2.0292813005102884e-06
575.0	9.092050434660392e-06	1.908076747312937e-06
575.25	9.092050434660392e-06	1.908076747312937e-06
575.5	9.092050434660392e-06	1.908076747312937e-06
575.75	9.092050434660392e-06	1.908076747312937e-06
576.0	9.55556844147087e-06	1.6648706961420541e-06
576.25	9.55556844147087e-06	1.6648706961420541e-06
576.5	9.55556844147087e-06	1.6648706961420541e-06
576.75	9.55556844147087e-06	1.6648706961420541e-06
577.0	1.0172924246899189e-05	1.3331353768350686e-06
577.25	1.0172924246899189e-05	1.3331353768350686e-06
577.5	1.0172924246899189e-05	1.3331353768350686e-06
577.75	1.0172924246899189e-05	1.3331353768350686e-06
578.0	1.087481363476886e-05	9.678444655849179e-07
578.25	1.087481363476886e-05	9.678444655849179e-07
578.5	1.087481363476886e-05	9.678444655849179e-07
578.75	1.087481363476886e-05	9.678444655849179e-07
579.0	1.1647189308500117e-05	6.476159373490432e-07
579.25	1.1647189308500117e-05	6.476159373490432e-07
579.5	1.1647189308500117e-05	6.476159373490432e-07
579.75	1.1647189308500117e-05	6.476159373490432e-07
580.0	1.2560553644256581e-05	4.5566466444386726e-07
580.25	1.2560553644256581e-05	4.5566466444386726e-07
580.5	1.2560553644256581e-05	4.5566466444386726e-07
580.75	1.2560553644256581e-05	4.5566466444386726e-07
581.0	1.3760578392269796e-05	4.416748575509226e-07
581.25	1.3760578392269796e-05	4.416748575509226e-07
581.5	1.3760578392269796e-05	4.416748575509226e-07
581.75	1.3760578392269796e-05	4.416748575509226e-07
582.0	1.5389435249408175e-05	5.89869662137191e-07
582.25	1.5389435249408175e-05	5.89869662137191e-07
582.5	1.5389435249408175e-05	5.89869662137191e-07
582.75	1.5389435249408175e-05	5.89869662137191e-07
583.0	1.7438061930360127e-05	8.210812289415958e-07
583.25	1.7438061930360127e-05	8.210812289415958e-07
583.5	1.7438061930360127e-05	8.210812289415958e-07
583.75	1.7438061930360127e-05	8.210812289415958e-07
584.0	1.9628840623106716e-05	1.0268237667678967e-06
584.25	1.9628840623106716e-05	1.0268237667678967e-06
584.5	1.9628840623106716e-05	1.0268237667678967e-06
584.75	1.9628840623106716e-05	1.0268237667678967e-06
585.0	2.1422243393287014e-05	1.1185702018327644e-06
585.25	2.1422243393287014e-05	1.1185702018327644e-06
585.5	2.1422243393287014e-05	1.1185702018327644e-06
585.75	2.1422243393287014e-05	1.1185702018327644e-06
586.0	2.2174472638368972e-05	1.077190122331739e-06
586.25	2.2174472638368972e-05	1.077190122331739e-06
586.5	2.2174472638368972e-05	1.077190122331739e-06
586.75	2.2174472638368972e-05	1.077190122331739e-06
587.0	2.144600468349206e-05	9.625093565856453e-07
587.25	2.144600468349206e-05	9.625093565856453e-07
587.5	2.144600468349206e-05	9.625093565856453e-07
587.75	2.144600468349206e-05	9.625093565856453e-07
588.0	1.9279833927149516e-05	8.705005358209171e-07
588.25	1.9279833927149516e-05	8.705005358209171e-07
588.5	1.9279833927149516e-05	8.705005358209171e-07
588.75	1.9279833927149516e-05	8.705005358209171e-07
589.0	1.6158769198966325e-05	8.724631830313957e-07
589.25	1.6158769198966325e-05	8.724631830313957e-07
589.5	1.6158769198966325e-05	8.724631830313957e-07
589.75	1.6158769198966325e-05	8.724631830313957e-07
590.0	1.2727197196428317e-05	9.578844785268797e-07
590.25	1.2727197196428317e-05	9.578844785268797e-07
590.5	1.2727197196428317e-05	9.578844785268797e-07
590.75	1.2727197196428317e-05	9.578844785268797e-07
591.0	9.561313254323133e-06	1.0334477336284717e-06
591.25	9.561313254323133e-06	1.0334477336284717e-06
591.5	9.561313254323133e-06	1.0334477336284717e-06
591.75	9.561313254323133e-06	1.0334477336284717e-06
592.0	7.013638173017367e-06	1.0128495090771003e-06
592.25	7.013638173017367e-06	1.0128495090771003e-06
592.5	7.013638173017367e-06	1.0128495090771003e-06
592.75	7.013638173017367e-06	1.0128495090771003e-06
593.0	5.1811194451494864e-06	9.15907678292734e-07
593.25	5.1811194451494864e-06	9.15907678292734e-07
593.5	5.1811194451494864e-06	9.15907678292734e-07
593.75	5.1811194451494864e-06	9.15907678292734e-07
594.0	4.040409005444839e-06	8.704726895853703e-07
594.25	4.040409005444839e-06	8.704726895853703e-07
594.5	4.040409005444839e-06	8.704726895853703e-07
594.75	4.040409005444839e-06	8.704726895853703e-07
595.0	3.5293348793485196e-06	9.995803510848525e-07
595.25	3.5293348793485196e-06	9.995803510848525e-07
595.5	3.5293348793485196e-06	9.995803510848525e-07
595.75	3.5293348793485196e-06	9.995803510848525e-07
596.0	3.4792034075479137e-06	1.2957490970063947e-06
596.25	3.4792034075479137e-06	1.2957490970063947e-06
596.5	3.4792034075479137e-06	1.2957490970063947e-06
596.75	3.4792034075479137e-06	1.2957490970063947e-06
597.0	3.599122447297705e-06	1.6003142821381368e-06
597.25	3.599122447297705e-06	1.6003142821381368e-06
597.5	3.599122447297705e-06	1.6003142821381368e-06
597.75	3.599122447297705e-06	1.6003142821381368e-06
598.0	3.589866248316834e-06	1.7099162368090547e-06
598.25	3.589866248316834e-06	1.7099162368090547e-06
598.5	3.589866248316834e-06	1.7099162368090547e-06
598.75	3.589866248316834e-06	1.7099162368090547e-06
599.0	3.2957246717601167e-06	1.5432722738441325e-06
599.25	3.2957246717601167e-06	1.5432722738441325e-06
599.5	3.2957246717601167e-06	1.5432722738441325e-06
599.75	3.2957246717601167e-06	1.5432722738441325e-06
600.0	2.8053966374693493e-06	1.229500434491791e-06
600.25	2.8053966374693493e-06	1.229500434491791e-06
600.5	2.8053966374693493e-06	1.229500434491791e-06
600.75	2.8053966374693493e-06	1.229500434491791e-06
601.0	2.395451573510848e-06	1.0153486097228961e-06
601.25	2.395451573510848e-06	1.0153486097228961e-06
601.5	2.395451573510848e-06	1.0153486097228961e-06
601.75	2.395451573510848e-06	1.0153486097228961e-06
602.0	2.3247970203432944e-06	1.0730879703485946e-06
602.25	2.3247970203432944e-06	1.0730879703485946e-06
602.5	2.3247970203432944e-06	1.0730879703485946e-06
602.75	2.3247970203432944e-06	1.0730879703485946e-06
603.0	2.6600790088094258e-06	1.3737314032972594e-06
603.25	2.6600790088094258e-06	1.3737314032972594e-06
603.5	2.6600790088094258e-06	1.3737314032972594e-06
603.75	2.6600790088094258e-06	1.3737314032972594e-06
604.0	3.2825933910506813e-06	1.6937231394414795e-06
604.25	3.2825933910506813e-06	1.6937231394414795e-06
604.5	3.2825933910506813e-06	1.6937231394414795e-06
604.75	3.2825933910506813e-06	1.6937231394414795e-06
605.0	4.001128500293092e-06	1.7665862934778599e-06
605.25	4.001128500293092e-06	1.7665862934778599e-06
605.5	4.001128500293092e-06	1.7665862934778599e-06
605.75	4.001128500293092e-06	1.7665862934778599e-06
606.0	4.650806244140368e-06	1.4869694042039834e-06
606.25	4.650806244140368e-06	1.4869694042039834e-06
606.5	4.650806244140368e-06	1.4869694042039834e-06
606.75	4.650806244140368e-06	1.4869694042039834e-06
607.0	5.1316929545502445e-06	9.964911773453889e-07
607.25	5.1316929545502445e-06	9.964911773453889e-07
607.5	5.1316929545502445e-06	9.964911773453889e-07
607.75	5.1316929545502445e-06	9.964911773453889e-07
608.0	5.363766138978425e-06	5.768006087864496e-07
608.25	5.363766138978425e-06	5.768006087864496e-07
608.5	5.363766138978425e-06	5.768006087864496e-07
608.75	5.363766138978425e-06	5.768006087864496e-07
609.0	5.242525880861538e-06	4.435719386419495e-07
609.25	5.242525880861538e-06	4.435719386419495e-07
609.5	5.242525880861538e-06	4.435719386419495e-07
609.75	5.242525880861538e-06	4.435719386419495e-07
610.0	4.696610094114813e-06	6.057578360778256e-07
610.25	4.696610094114813e-06	6.057578360778256e-07
610.5	4.696610094114813e-06	6.057578360778256e-07
610.75	4.696610094114813e-06	6.057578360778256e-07
611.0	3.813464578683063e-06	8.9215650758827e-07
611.25	3.813464578683063e-06	8.9215650758827e-07
611.5	3.813464578683063e-06	8.9215650758827e-07
611.75	3.813464578683063e-06	8.9215650758827e-07
612.0	2.893336149997138e-06	1.1052135305290584e-06
612.25	2.893336149997138e-06	1.1052135305290584e-06
612.5	2.893336149997138e-06	1.1052135305290584e-06
612.75	2.893336149997138e-06	1.1052135305290584e-06
613.0	2.336509401622062e-06	1.1609613615247559e-06
613.25	2.336509401622062e-06	1.1609613615247559e-06
613.5	2.336509401622062e-06	1.1609613615247559e-06
613.75	2.336509401622062e-06	1.1609613615247559e-06
614.0	2.403574413684471e-06	1.111770508324994e-06
614.25	2.403574413684471e-06	1.111770508324994e-06
614.5	2.403574413684471e-06	1.111770508324994e-06
614.75	2.403574413684471e-06	1.111770508324994e-06
615.0	3.016829159075341e-06	1.0648135759199072e-06
615.25	3.016829159075341e-06	1.0648135759199072e-06
615.5	3.016829159075341e-06	1.0648135759199072e-06
615.75	3.016829159075341e-06	1.0648135759199072e-06
616.0	3.7809179409521387e-06	1.0807413504986283e-06
616.25	3.7809179409521387e-06	1.0807413504986283e-06
616.5	3.7809179409521387e-06	1.0807413504986283e-06
616.75	3.7809179409521387e-06	1.0807413504986283e-06
617.0	4.215036347864946e-06	1.1355242636280385e-06
617.25	4.215036347864946e-06	1.1355242636280385e-06
617.5	4.215036347864946e-06	1.1355242636280385e-06
617.75	4.215036347864946e-06	1.1355242636280385e-06
618.0	4.060547641951467e-06	1.1620080140435562e-06
618.25	4.060547641951467e-06	1.1620080140435562e-06
618.5	4.060547641951467e-06	1.1620080140435562e-06
618.75	4.060547641951467e-06	1.1620080140435562e-06
619.0	3.470136794928505e-06	1.1201182170581096e-06
619.25	3.470136794928505e-06	1.1201182170581096e-06
619.5	3.470136794928505e-06	1.1201182170581096e-06
619.75	3.470136794928505e-06	1.1201182170581096e-06
620.0	2.922610370566828e-06	1.03928945239003e-06
620.25	2.922610370566828e-06	1.03928945239003e-06
620.5	2.922610370566828e-06	1.03928945239003e-06
620.75	2.922610370566828e-06	1.03928945239003e-06
621.0	2.8905370770257814e-06	1.00581339121072e-06
621.25	2.8905370770257814e-06	1.00581339121072e-06
621.5	2.8905370770257814e-06	1.00581339121072e-06
621.75	2.8905370770257814e-06	1.00581339121072e-06
622.0	3.508728859669286e-06	1.0890552765250495e-06
622.25	3.508728859669286e-06	1.0890552765250495e-06
622.5	3.508728859669286e-06	1.0890552765250495e-06
622.75	3.508728859669286e-06	1.0890552765250495e-06
623.0	4.530480017687704e-06	1.2666647909165981e-06
623.25	4.530480017687704e-06	1.2666647909165981e-06
623.5	4.530480017687704e-06	1.2666647909165981e-06
623.75	4.530480017687704e-06	1.2666647909165981e-06
624.0	5.553149756197038e-06	1.430749136011872e-06
624.25	5.553149756197038e-06	1.430749136011872e-06
624.5	5.553149756197038e-06	1.430749136011872e-06
624.75	5.553149756197038e-06	1.430749136011872e-06
625.0	6.244331931633623e-06	1.4653159042356516e-06
625.25	6.244331931633623e-06	1.4653159042356516e-06
625.5	6.244331931633623e-06	1.4653159042356516e-06
625.75	6.244331931633623e-06	1.4653159042356516e-06
626.0	6.454585947035498e-06	1.3235459774715737e-06
626.25	6.454585947035498e-06	1.3235459774715737e-06
626.5	6.454585947035498e-06	1.3235459774715737e-06
626.75	6.454585947035498e-06	1.3235459774715737e-06
627.0	6.233905245147026e-06	1.062213323489241e-06
627.25	6.233905245147026e-06	1.062213323489241e-06
627.5	6.233905245147026e-06	1.062213323489241e-06
627.75	6.233905245147026e-06	1.062213323489241e-06
628.0	5.726510146669077e-06	8.106013181641811e-07
628.25	5.726510146669077e-06	8.106013181641811e-07
628.5	5.726510146669077e-06	8.106013181641811e-07
628.75	5.726510146669077e-06	8.106013181641811e-07
629.0	5.071208891788487e-06	6.87695391319456e-07
629.25	5.071208891788487e-06	6.87695391319456e-07
629.5	5.071208891788487e-06	6.87695391319456e-07
629.75	5.071208891788487e-06	6.87695391319456e-07
630.0	4.386276538465523e-06	7.308896189180047e-07
630.25	4.386276538465523e-06	7.308896189180047e-07
630.5	4.386276538465523e-06	7.308896189180047e-07
630.75	4.386276538465523e-06	7.308896189180047e-07
631.0	3.7507375579609196e-06	8.926248642393354e-07
631.25	3.7507375579609196e-06	8.926248642393354e-07
631.5	3.7507375579609196e-06	8.926248642393354e-07
631.75	3.7507375579609196e-06	8.926248642393354e-07
632.0	3.2062307411291343e-06	1.0775335055938734e-06
632.25	3.2062307411291343e-06	1.0775335055938734e-06
632.5	3.2062307411291343e-06	1.0775335055938734e-06
632.75	3.2062307411291343e-06	1.0775335055938734e-06
633.0	2.7822033810418113e-06	1.1847700662168306e-06
633.25	2.7822033810418113e-06	1.1847700662168306e-06
633.5	2.7822033810418113e-06	1.1847700662168306e-06
633.75	2.7822033810418113e-06	1.1847700662168306e-06
634.0	2.477413963353625e-06	1.159717743905771e-06
634.25	2.477413963353625e-06	1.159717743905771e-06
634.5	2.477413963353625e-06	1.159717743905771e-06
634.75	2.477413963353625e-06	1.159717743905771e-06
635.0	2.235855435943869e-06	1.0166428269432562e-06
635.25	2.235855435943869e-06	1.0166428269432562e-06
635.5	2.235855435943869e-06	1.0166428269432562e-06
635.75	2.235855435943869e-06	1.0166428269432562e-06
636.0	1.982276831922225e-06	8.111127165261199e-07
636.25	1.982276831922225e-06	8.111127165261199e-07
636.5	1.982276831922225e-06	8.111127165261199e-07
636.75	1.982276831922225e-06	8.111127165261199e-07
637.0	1.6895981188732453e-06	6.161806953380759e-07
637.25	1.6895981188732453e-06	6.161806953380759e-07
637.5	1.6895981188732453e-06	6.161806953380759e-07
637.75	1.6895981188732453e-06	6.161806953380759e-07
638.0	1.392783632993884e-06	4.996104466215884e-07
638.25	1.392783632993884e-06	4.996104466215884e-07
638.5	1.392783632993884e-06	4.996104466215884e-07
638.75	1.392783632993884e-06	4.996104466215884e-07
639.0	1.1414853785253302e-06	4.85395471337409e-07
639.25	1.1414853785253302e-06	4.85395471337409e-07
639.5	1.1414853785253302e-06	4.85395471337409e-07
639.75	1.1414853785253302e-06	4.85395471337409e-07
640.0	9.60186495029046e-07	5.460290169161708e-07
640.25	9.60186495029046e-07	5.460290169161708e-07
640.5	9.60186495029046e-07	5.460290169161708e-07
640.75	9.60186495029046e-07	5.460290169161708e-07
641.0	8.483233099188173e-07	6.29131408941059e-07
641.25	8.483233099188173e-07	6.29131408941059e-07
641.5	8.483233099188173e-07	6.29131408941059e-07
641.75	8.483233099188173e-07	6.29131408941059e-07
642.0	7.939762311389133e-07	6.835360321022153e-07
642.25	7.939762311389133e-07	6.835360321022153e-07
642.5	7.939762311389133e-07	6.835360321022153e-07
642.75	7.939762311389133e-07	6.835360321022153e-07
643.0	7.744284189408622e-07	6.842344918983289e-07
643.25	7.744284189408622e-07	6.842344918983289e-07
643.5	7.744284189408622e-07	6.842344918983289e-07
643.75	7.744284189408622e-07	6.842344918983289e-07
644.0	7.621921368620096e-07	6.428534530010483e-07
644.25	7.621921368620096e-07	6.428534530010483e-07
644.5	7.621921368620096e-07	6.428534530010483e-07
644.75	7.621921368620096e-07	6.428534530010483e-07
645.0	7.377292623689352e-07	5.890548605693421e-07
645.25	7.377292623689352e-07	5.890548605693421e-07
645.5	7.377292623689352e-07	5.890548605693421e-07
645.75	7.377292623689352e-07	5.890548605693421e-07
646.0	6.895279489587438e-07	5.460129228004297e-07
646.25	6.895279489587438e-07	5.460129228004297e-07
646.5	6.895279489587438e-07	5.460129228004297e-07
646.75	6.895279489587438e-07	5.460129228004297e-07
647.0	6.122413003444844e-07	5.206426079906011e-07
647.25	6.122413003444844e-07	5.206426079906011e-07
647.5	6.122413003444844e-07	5.206426079906011e-07
647.75	6.122413003444844e-07	5.206426079906011e-07
648.0	5.116836924273452e-07	5.027641919521769e-07
648.25	5.116836924273452e-07	5.027641919521769e-07
648.5	5.116836924273452e-07	5.027641919521769e-07
648.75	5.116836924273452e-07	5.027641919521769e-07
649.0	4.099831968000977e-07	4.792983768914801e-07
649.25	4.099831968000977e-07	4.792983768914801e-07
649.5	4.099831968000977e-07	4.792983768914801e-07
649.75	4.099831968000977e-07	4.792983768914801e-07
650.0	3.392181288497185e-07	4.5537735506632885e-07
650.25	3.392181288497185e-07	4.5537735506632885e-07
650.5	3.392181288497185e-07	4.5537735506632885e-07
650.75	3.392181288497185e-07	4.5537735506632885e-07
651.0	3.2740909184172616e-07	4.522246440707445e-07
651.25	3.2740909184172616e-07	4.522246440707445e-07
651.5	3.2740909184172616e-07	4.522246440707445e-07
651.75	3.2740909184172616e-07	4.522246440707445e-07
652.0	3.823574827086315e-07	4.866858860621474e-07
652.25	3.823574827086315e-07	4.866858860621474e-07
652.5	3.823574827086315e-07	4.866858860621474e-07
652.75	3.823574827086315e-07	4.866858860621474e-07
653.0	4.838337969864356e-07	5.527924593277495e-07
653.25	4.838337969864356e-07	5.527924593277495e-07
653.5	4.838337969864356e-07	5.527924593277495e-07
653.75	4.838337969864356e-07	5.527924593277495e-07
654.0	5.932678504342658e-07	6.167717895877854e-07
654.25	5.932678504342658e-07	6.167717895877854e-07
654.5	5.932678504342658e-07	6.167717895877854e-07
654.75	5.932678504342658e-07	6.167717895877854e-07
655.0	6.710744539671947e-07	6.379858903588995e-07
655.25	6.710744539671947e-07	6.379858903588995e-07
655.5	6.710744539671947e-07	6.379858903588995e-07
655.75	6.710744539671947e-07	6.379858903588995e-07
656.0	6.953037288413949e-07	5.98784517477222e-07
656.25	6.953037288413949e-07	5.98784517477222e-07
656.5	6.953037288413949e-07	5.98784517477222e-07
656.75	6.953037288413949e-07	5.98784517477222e-07
657.0	6.727272411904298e-07	5.147856302661899e-07
657.25	6.727272411904298e-07	5.147856302661899e-07
657.5	6.727272411904298e-07	5.147856302661899e-07
657.75	6.727272411904298e-07	5.147856302661899e-07
658.0	6.326635188146122e-07	4.2644711507496636e-07
658.25	6.326635188146122e-07	4.2644711507496636e-07
658.5	6.326635188146122e-07	4.2644711507496636e-07
658.75	6.326635188146122e-07	4.2644711507496636e-07
659.0	6.126861938285893e-07	3.7763905255744047e-07
659.25	6.126861938285893e-07	3.7763905255744047e-07
659.5	6.126861938285893e-07	3.7763905255744047e-07
659.75	6.126861938285893e-07	3.7763905255744047e-07
660.0	6.421173752241498e-07	3.8935013631246415e-07
660.25	6.421173752241498e-07	3.8935013631246415e-07
660.5	6.421173752241498e-07	3.8935013631246415e-07
660.75	6.421173752241498e-07	3.8935013631246415e-07
661.0	7.293890923460818e-07	4.5048248658898167e-07
661.25	7.293890923460818e-07	4.5048248658898167e-07
661.5	7.293890923460818e-07	4.5048248658898167e-07
661.75	7.293890923460818e-07	4.5048248658898167e-07
662.0	8.601377451916717e-07	5.316021488995794e-07
662.25	8.601377451916717e-07	5.316021488995794e-07
662.5	8.601377451916717e-07	5.316021488995794e-07
662.75	8.601377451916717e-07	5.316021488995794e-07
663.0	9.993264760320452e-07	6.028752437249574e-07
663.25	9.993264760320452e-07	6.028752437249574e-07
663.5	9.993264760320452e-07	6.028752437249574e-07
663.75	9.993264760320452e-07	6.028752437249574e-07
664.0	1.1053351736109016e-06	6.436856268982654e-07
664.25	1.1053351736109016e-06	6.436856268982654e-07
664.5	1.1053351736109016e-06	6.436856268982654e-07
664.75	1.1053351736109016e-06	6.436856268982654e-07
665.0	1.151611633781333e-06	6.447881467020287e-07
665.25	1.151611633781333e-06	6.447881467020287e-07
665.5	1.151611633781333e-06	6.447881467020287e-07
665.75	1.151611633781333e-06	6.447881467020287e-07
666.0	1.1328340717372194e-06	6.086409942972642e-07
666.25	1.1328340717372194e-06	6.086409942972642e-07
666.5	1.1328340717372194e-06	6.086409942972642e-07
666.75	1.1328340717372194e-06	6.086409942972642e-07
667.0	1.0641485876388234e-06	5.484198732044741e-07
667.25	1.0641485876388234e-06	5.484198732044741e-07
667.5	1.0641485876388234e-06	5.484198732044741e-07
667.75	1.0641485876388234e-06	5.484198732044741e-07
668.0	9.786633689641644e-07	4.841698774112187e-07
668.25	9.786633689641644e-07	4.841698774112187e-07
668.5	9.786633689641644e-07	4.841698774112187e-07
668.75	9.786633689641644e-07	4.841698774112187e-07
669.0	9.104987180459593e-07	4.3723066866996954e-07
669.25	9.104987180459593e-07	4.3723066866996954e-07
669.5	9.104987180459593e-07	4.3723066866996954e-07
669.75	9.104987180459593e-07	4.3723066866996954e-07
670.0	8.74768713587122e-07	4.1959991465912137e-07
670.25	8.74768713587122e-07	4.1959991465912137e-07
670.5	8.74768713587122e-07	4.1959991465912137e-07
670.75	8.74768713587122e-07	4.1959991465912137e-07
671.0	8.637684342280308e-07	4.271021154194443e-07
671.25	8.637684342280308e-07	4.271021154194443e-07
671.5	8.637684342280308e-07	4.271021154194443e-07
671.75	8.637684342280308e-07	4.271021154194443e-07
672.0	8.564339907960731e-07	4.464583209330031e-07
672.25	8.564339907960731e-07	4.464583209330031e-07
672.5	8.564339907960731e-07	4.464583209330031e-07
672.75	8.564339907960731e-07	4.464583209330031e-07
673.0	8.309644980537194e-07	4.634197202603237e-07
673.25	8.309644980537194e-07	4.634197202603237e-07
673.5	8.309644980537194e-07	4.634197202603237e-07
673.75	8.309644980537194e-07	4.634197202603237e-07
674.0	7.766348923679387e-07	4.682278134068677e-07
674.25	7.766348923679387e-07	4.682278134068677e-07
674.5	7.766348923679387e-07	4.682278134068677e-07
674.75	7.766348923679387e-07	4.682278134068677e-07
675.0	6.998860189301727e-07	4.615153945508674e-07
675.25	6.998860189301727e-07	4.615153945508674e-07
675.5	6.998860189301727e-07	4.615153945508674e-07
675.75	6.998860189301727e-07	4.615153945508674e-07
676.0	6.214320285164737e-07	4.5063661573495214e-07
676.25	6.214320285164737e-07	4.5063661573495214e-07
676.5	6.214320285164737e-07	4.5063661573495214e-07
676.75	6.214320285164737e-07	4.5063661573495214e-07
677.0	5.646625263916122e-07	4.4178230104836835e-07
677.25	5.646625263916122e-07	4.4178230104836835e-07
677.5	5.646625263916122e-07	4.4178230104836835e-07
677.75	5.646625263916122e-07	4.4178230104836835e-07
678.0	5.422129981646462e-07	4.3743615413795906e-07
678.25	5.422129981646462e-07	4.3743615413795906e-07
678.5	5.422129981646462e-07	4.3743615413795906e-07
678.75	5.422129981646462e-07	4.3743615413795906e-07
679.0	5.522191485560281e-07	4.3703086627253863e-07
679.25	5.522191485560281e-07	4.3703086627253863e-07
679.5	5.522191485560281e-07	4.3703086627253863e-07
679.75	5.522191485560281e-07	4.3703086627253863e-07
680.0	5.85815320123349e-07	4.4293930194432927e-07
680.25	5.85815320123349e-07	4.4293930194432927e-07
680.5	5.85815320123349e-07	4.4293930194432927e-07
680.75	5.85815320123349e-07	4.4293930194432927e-07
681.0	6.374551594778284e-07	4.6373884590769616e-07
681.25	6.374551594778284e-07	4.6373884590769616e-07
681.5	6.374551594778284e-07	4.6373884590769616e-07
681.75	6.374551594778284e-07	4.6373884590769616e-07
682.0	7.040418104045642e-07	5.053010380724526e-07
682.25	7.040418104045642e-07	5.053010380724526e-07
682.5	7.040418104045642e-07	5.053010380724526e-07
682.75	7.040418104045642e-07	5.053010380724526e-07
683.0	7.723260141986522e-07	5.629032455977366e-07
683.25	7.723260141986522e-07	5.629032455977366e-07
683.5	7.723260141986522e-07	5.629032455977366e-07
683.75	7.723260141986522e-07	5.629032455977366e-07
684.0	8.12178001251612e-07	6.233969015493542e-07
684.25	8.12178001251612e-07	6.233969015493542e-07
684.5	8.12178001251612e-07	6.233969015493542e-07
684.75	8.12178001251612e-07	6.233969015493542e-07
685.0	7.879890955518089e-07	6.712798911143403e-07
685.25	7.879890955518089e-07	6.712798911143403e-07
685.5	7.879890955518089e-07	6.712798911143403e-07
685.75	7.879890955518089e-07	6.712798911143403e-07
686.0	6.797256044052824e-07	6.953923571638743e-07
686.25	6.797256044052824e-07	6.953923571638743e-07
686.5	6.797256044052824e-07	6.953923571638743e-07
686.75	6.797256044052824e-07	6.953923571638743e-07
687.0	5.015094993146668e-07	6.96359809668698e-07
687.25	5.015094993146668e-07	6.96359809668698e-07
687.5	5.015094993146668e-07	6.96359809668698e-07
687.75	5.015094993146668e-07	6.96359809668698e-07
688.0	3.0833359171215826e-07	6.863841267698965e-07
688.25	3.0833359171215826e-07	6.863841267698965e-07
688.5	3.0833359171215826e-07	6.863841267698965e-07
688.75	3.0833359171215826e-07	6.863841267698965e-07
689.0	1.7695600040150824e-07	6.784042058869263e-07
689.25	1.7695600040150824e-07	6.784042058869263e-07
689.5	1.7695600040150824e-07	6.784042058869263e-07
689.75	1.7695600040150824e-07	6.784042058869263e-07
690.0	1.637457644974344e-07	6.776020794647679e-07
690.25	1.637457644974344e-07	6.776020794647679e-07
690.5	1.637457644974344e-07	6.776020794647679e-07
690.75	1.637457644974344e-07	6.776020794647679e-07
691.0	2.7148638407735916e-07	6.800465015528412e-07
691.25	2.7148638407735916e-07	6.800465015528412e-07
691.5	2.7148638407735916e-07	6.800465015528412e-07
691.75	2.7148638407735916e-07	6.800465015528412e-07
692.0	4.511243074902043e-07	6.767069786087408e-07
692.25	4.511243074902043e-07	6.767069786087408e-07
692.5	4.511243074902043e-07	6.767069786087408e-07
692.75	4.511243074902043e-07	6.767069786087408e-07
693.0	6.336498435749963e-07	6.640551782347759e-07
693.25	6.336498435749963e-07	6.640551782347759e-07
693.5	6.336498435749963e-07	6.640551782347759e-07
693.75	6.336498435749963e-07	6.640551782347759e-07
694.0	7.720715708315647e-07	6.467752976341779e-07
694.25	7.720715708315647e-07	6.467752976341779e-07
694.5	7.720715708315647e-07	6.467752976341779e-07
694.75	7.720715708315647e-07	6.467752976341779e-07
695.0	8.676648696791678e-07	6.31391698263926e-07
695.25	8.676648696791678e-07	6.31391698263926e-07
695.5	8.676648696791678e-07	6.31391698263926e-07
695.75	8.676648696791678e-07	6.31391698263926e-07
696.0	9.715454642810988e-07	6.242055417668987e-07
696.25	9.715454642810988e-07	6.242055417668987e-07
696.5	9.715454642810988e-07	6.242055417668987e-07
696.75	9.715454642810988e-07	6.242055417668987e-07
697.0	1.166611015528959e-06	6.307204819770153e-07
697.25	1.166611015528959e-06	6.307204819770153e-07
697.5	1.166611015528959e-06	6.307204819770153e-07
697.75	1.166611015528959e-06	6.307204819770153e-07
698.0	1.5233323740323173e-06	6.575915036928564e-07
698.25	1.5233323740323173e-06	6.575915036928564e-07
698.5	1.5233323740323173e-06	6.575915036928564e-07
698.75	1.5233323740323173e-06	6.575915036928564e-07
699.0	2.0544957966036236e-06	7.174410467088957e-07
699.25	2.0544957966036236e-06	7.174410467088957e-07
699.5	2.0544957966036236e-06	7.174410467088957e-07
699.75	2.0544957966036236e-06	7.174410467088957e-07
700.0	2.693500149250026e-06	8.256338468178126e-07
700.25	2.693500149250026e-06	8.256338468178126e-07
700.5	2.693500149250026e-06	8.256338468178126e-07
700.75	2.693500149250026e-06	8.256338468178126e-07
701.0	3.290565736473683e-06	9.895529295861632e-07
701.25	3.290565736473683e-06	9.895529295861632e-07
701.5	3.290565736473683e-06	9.895529295861632e-07
701.75	3.290565736473683e-06	9.895529295861632e-07
702.0	3.664544771820752e-06	1.1961396843035364e-06
702.25	3.664544771820752e-06	1.1961396843035364e-06
702.5	3.664544771820752e-06	1.1961396843035364e-06
702.75	3.664544771820752e-06	1.1961396843035364e-06
703.0	3.6954144721035576e-06	1.400757918898521e-06
703.25	3.6954144721035576e-06	1.400757918898521e-06
703.5	3.6954144721035576e-06	1.400757918898521e-06
703.75	3.6954144721035576e-06	1.400757918898521e-06
704.0	3.3873845115432922e-06	1.5377765008986645e-06
704.25	3.3873845115432922e-06	1.5377765008986645e-06
704.5	3.3873845115432922e-06	1.5377765008986645e-06
704.75	3.3873845115432922e-06	1.5377765008986645e-06
705.0	2.886757671347213e-06	1.5590246528784268e-06
705.25	2.886757671347213e-06	1.5590246528784268e-06
705.5	2.886757671347213e-06	1.5590246528784268e-06
705.75	2.886757671347213e-06	1.5590246528784268e-06
706.0	2.437730069345146e-06	1.4663391799735536e-06
706.25	2.437730069345146e-06	1.4663391799735536e-06
706.5	2.437730069345146e-06	1.4663391799735536e-06
706.75	2.437730069345146e-06	1.4663391799735536e-06
707.0	2.269705854702403e-06	1.3058050284408956e-06
707.25	2.269705854702403e-06	1.3058050284408956e-06
707.5	2.269705854702403e-06	1.3058050284408956e-06
707.75	2.269705854702403e-06	1.3058050284408956e-06
708.0	2.4873770037697215e-06	1.1329253705360483e-06
708.25	2.4873770037697215e-06	1.1329253705360483e-06
708.5	2.4873770037697215e-06	1.1329253705360483e-06
708.75	2.4873770037697215e-06	1.1329253705360483e-06
709.0	3.0324705930202578e-06	9.817101764218575e-07
709.25	3.0324705930202578e-06	9.817101764218575e-07
709.5	3.0324705930202578e-06	9.817101764218575e-07
709.75	3.0324705930202578e-06	9.817101764218575e-07
710.0	3.7330958192986965e-06	8.584356663302601e-07
710.25	3.7330958192986965e-06	8.584356663302601e-07
710.5	3.7330958192986965e-06	8.584356663302601e-07
710.75	3.7330958192986965e-06	8.584356663302601e-07
711.0	4.409205036607363e-06	7.559963224302524e-07
711.25	4.409205036607363e-06	7.559963224302524e-07
711.5	4.409205036607363e-06	7.559963224302524e-07
711.75	4.409205036607363e-06	7.559963224302524e-07
712.0	4.951567248222369e-06	6.715372374834844e-07
712.25	4.951567248222369e-06	6.715372374834844e-07
712.5	4.951567248222369e-06	6.715372374834844e-07
712.75	4.951567248222369e-06	6.715372374834844e-07
713.0	5.362740032328731e-06	6.120453620841493e-07
713.25	5.362740032328731e-06	6.120453620841493e-07
713.5	5.362740032328731e-06	6.120453620841493e-07
713.75	5.362740032328731e-06	6.120453620841493e-07
714.0	5.781830512791509e-06	5.896879480875073e-07
714.25	5.781830512791509e-06	5.896879480875073e-07
714.5	5.781830512791509e-06	5.896879480875073e-07
714.75	5.781830512791509e-06	5.896879480875073e-07
715.0	6.421994866660954e-06	6.176723149307325e-07
715.25	6.421994866660954e-06	6.176723149307325e-07
715.5	6.421994866660954e-06	6.176723149307325e-07
715.75	6.421994866660954e-06	6.176723149307325e-07
716.0	7.444842235647585e-06	7.033045195399442e-07
716.25	7.444842235647585e-06	7.033045195399442e-07
716.5	7.444842235647585e-06	7.033045195399442e-07
716.75	7.444842235647585e-06	7.033045195399442e-07
717.0	8.85070620648163e-06	8.426002484637278e-07
717.25	8.85070620648163e-06	8.426002484637278e-07
717.5	8.85070620648163e-06	8.426002484637278e-07
717.75	8.85070620648163e-06	8.426002484637278e-07
718.0	1.0436768803222545e-05	1.0299165600896106e-06
718.25	1.0436768803222545e-05	1.0299165600896106e-06
718.5	1.0436768803222545e-05	1.0299165600896106e-06
718.75	1.0436768803222545e-05	1.0299165600896106e-06
719.0	1.1820158290690865e-05	1.2708941017933519e-06
719.25	1.1820158290690865e-05	1.2708941017933519e-06
719.5	1.1820158290690865e-05	1.2708941017933519e-06
719.75	1.1820158290690865e-05	1.2708941017933519e-06
720.0	1.2538154866794152e-05	1.5718697653226453e-06
720.25	1.2538154866794152e-05	1.5718697653226453e-06
720.5	1.2538154866794152e-05	1.5718697653226453e-06
720.75	1.2538154866794152e-05	1.5718697653226453e-06
721.0	1.222997874803383e-05	1.9147079175338966e-06
721.25	1.222997874803383e-05	1.9147079175338966e-06
721.5	1.222997874803383e-05	1.9147079175338966e-06
721.75	1.222997874803383e-05	1.9147079175338966e-06
722.0	1.0821930202267772e-05	2.2443070583754e-06
722.25	1.0821930202267772e-05	2.2443070583754e-06
722.5	1.0821930202267772e-05	2.2443070583754e-06
722.75	1.0821930202267772e-05	2.2443070583754e-06
723.0	8.596576905183005e-06	2.4912372782306635e-06
723.25	8.596576905183005e-06	2.4912372782306635e-06
723.5	8.596576905183005e-06	2.4912372782306635e-06
723.75	8.596576905183005e-06	2.4912372782306635e-06
724.0	6.092969256883227e-06	2.6104311798988025e-06
724.25	6.092969256883227e-06	2.6104311798988025e-06
724.5	6.092969256883227e-06	2.6104311798988025e-06
724.75	6.092969256883227e-06	2.6104311798988025e-06
725.0	3.878145799716386e-06	2.594457023527419e-06
725.25	3.878145799716386e-06	2.594457023527419e-06
725.5	3.878145799716386e-06	2.594457023527419e-06
725.75	3.878145799716386e-06	2.594457023527419e-06
726.0	2.2963537420424553e-06	2.4670087058347882e-06
726.25	2.2963537420424553e-06	2.4670087058347882e-06
726.5	2.2963537420424553e-06	2.4670087058347882e-06
726.75	2.2963537420424553e-06	2.4670087058347882e-06
727.0	1.373731563378995e-06	2.267853527896611e-06
727.25	1.373731563378995e-06	2.267853527896611e-06
727.5	1.373731563378995e-06	2.267853527896611e-06
727.75	1.373731563378995e-06	2.267853527896611e-06
728.0	9.356505345737271e-07	2.0340358215771866e-06
728.25	9.356505345737271e-07	2.0340358215771866e-06
728.5	9.356505345737271e-07	2.0340358215771866e-06
728.75	9.356505345737271e-07	2.0340358215771866e-06
729.0	7.73008980928633e-07	1.7915148339486373e-06
729.25	7.73008980928633e-07	1.7915148339486373e-06
729.5	7.73008980928633e-07	1.7915148339486373e-06
729.75	7.73008980928633e-07	1.7915148339486373e-06
730.0	7.45809577110031e-07	1.5616795550593515e-06
730.25	7.45809577110031e-07	1.5616795550593515e-06
730.5	7.45809577110031e-07	1.5616795550593515e-06
730.75	7.45809577110031e-07	1.5616795550593515e-06
731.0	8.157415958998689e-07	1.3577930634097237e-06
731.25	8.157415958998689e-07	1.3577930634097237e-06
731.5	8.157415958998689e-07	1.3577930634097237e-06
731.75	8.157415958998689e-07	1.3577930634097237e-06
732.0	1.0019528952654822e-06	1.1834706706810762e-06
732.25	1.0019528952654822e-06	1.1834706706810762e-06
732.5	1.0019528952654822e-06	1.1834706706810762e-06
732.75	1.0019528952654822e-06	1.1834706706810762e-06
733.0	1.3096305049334752e-06	1.040792553051385e-06
733.25	1.3096305049334752e-06	1.040792553051385e-06
733.5	1.3096305049334752e-06	1.040792553051385e-06
733.75	1.3096305049334752e-06	1.040792553051385e-06
734.0	1.6955446107843715e-06	9.308230115997993e-07
734.25	1.6955446107843715e-06	9.308230115997993e-07
734.5	1.6955446107843715e-06	9.308230115997993e-07
734.75	1.6955446107843715e-06	9.308230115997993e-07
735.0	2.092984350075033e-06	8.451990015205704e-07
735.25	2.092984350075033e-06	8.451990015205704e-07
735.5	2.092984350075033e-06	8.451990015205704e-07
735.75	2.092984350075033e-06	8.451990015205704e-07
736.0	2.478376757093731e-06	7.758315502781795e-07
736.25	2.478376757093731e-06	7.758315502781795e-07
736.5	2.478376757093731e-06	7.758315502781795e-07
736.75	2.478376757093731e-06	7.758315502781795e-07
737.0	2.9054223634673022e-06	7.328517577660429e-07
737.25	2.9054223634673022e-06	7.328517577660429e-07
737.5	2.9054223634673022e-06	7.328517577660429e-07
737.75	2.9054223634673022e-06	7.328517577660429e-07
738.0	3.4796960297412443e-06	7.463305853773832e-07
738.25	3.4796960297412443e-06	7.463305853773832e-07
738.5	3.4796960297412443e-06	7.463305853773832e-07
738.75	3.4796960297412443e-06	7.463305853773832e-07
739.0	4.3066007160853445e-06	8.576568424720031e-07
739.25	4.3066007160853445e-06	8.576568424720031e-07
739.5	4.3066007160853445e-06	8.576568424720031e-07
739.75	4.3066007160853445e-06	8.576568424720031e-07
740.0	5.425692678623303e-06	1.10071404482916e-06
740.25	5.425692678623303e-06	1.10071404482916e-06
740.5	5.425692678623303e-06	1.10071404482916e-06
740.75	5.425692678623303e-06	1.10071404482916e-06
741.0	6.7180607536486734e-06	1.4705472433023271e-06
741.25	6.7180607536486734e-06	1.4705472433023271e-06
741.5	6.7180607536486734e-06	1.4705472433023271e-06
741.75	6.7180607536486734e-06	1.4705472433023271e-06
742.0	7.890964800157064e-06	1.9105833252892663e-06
742.25	7.890964800157064e-06	1.9105833252892663e-06
742.5	7.890964800157064e-06	1.9105833252892663e-06
742.75	7.890964800157064e-06	1.9105833252892663e-06
743.0	8.601682422171595e-06	2.3242227615761247e-06
743.25	8.601682422171595e-06	2.3242227615761247e-06
743.5	8.601682422171595e-06	2.3242227615761247e-06
743.75	8.601682422171595e-06	2.3242227615761247e-06
744.0	8.587158873359636e-06	2.592383142307986e-06
744.25	8.587158873359636e-06	2.592383142307986e-06
744.5	8.587158873359636e-06	2.592383142307986e-06
744.75	8.587158873359636e-06	2.592383142307986e-06
745.0	7.782276586489735e-06	2.626643068580829e-06
745.25	7.782276586489735e-06	2.626643068580829e-06
745.5	7.782276586489735e-06	2.626643068580829e-06
745.75	7.782276586489735e-06	2.626643068580829e-06
746.0	6.40773869100103e-06	2.4303879985538566e-06
746.25	6.40773869100103e-06	2.4303879985538566e-06
746.5	6.40773869100103e-06	2.4303879985538566e-06
746.75	6.40773869100103e-06	2.4303879985538566e-06
747.0	4.879637482862351e-06	2.084351690055073e-06
747.25	4.879637482862351e-06	2.084351690055073e-06
747.5	4.879637482862351e-06	2.084351690055073e-06
747.75	4.879637482862351e-06	2.084351690055073e-06
748.0	3.5907704772313966e-06	1.6999231987936151e-06
748.25	3.5907704772313966e-06	1.6999231987936151e-06
748.5	3.5907704772313966e-06	1.6999231987936151e-06
748.75	3.5907704772313966e-06	1.6999231987936151e-06
749.0	2.7505213873320585e-06	1.390090232502868e-06
749.25	2.7505213873320585e-06	1.390090232502868e-06
749.5	2.7505213873320585e-06	1.390090232502868e-06
749.75	2.7505213873320585e-06	1.390090232502868e-06
750.0	2.3432708207212296e-06	1.2194842714116497e-06
750.25	2.3432708207212296e-06	1.2194842714116497e-06
750.5	2.3432708207212296e-06	1.2194842714116497e-06
750.75	2.3432708207212296e-06	1.2194842714116497e-06
751.0	2.205068398102217e-06	1.1579723320958824e-06
751.25	2.205068398102217e-06	1.1579723320958824e-06
751.5	2.205068398102217e-06	1.1579723320958824e-06
751.75	2.205068398102217e-06	1.1579723320958824e-06
752.0	2.158840393175153e-06	1.1324372610204865e-06
752.25	2.158840393175153e-06	1.1324372610204865e-06
752.5	2.158840393175153e-06	1.1324372610204865e-06
752.75	2.158840393175153e-06	1.1324372610204865e-06
753.0	2.120448445245399e-06	1.1136314267648001e-06
753.25	2.120448445245399e-06	1.1136314267648001e-06
753.5	2.120448445245399e-06	1.1136314267648001e-06
753.75	2.120448445245399e-06	1.1136314267648001e-06
754.0	2.117188621716119e-06	1.114452208773312e-06
754.25	2.117188621716119e-06	1.114452208773312e-06
754.5	2.117188621716119e-06	1.114452208773312e-06
754.75	2.117188621716119e-06	1.114452208773312e-06
755.0	2.2220556836374695e-06	1.1570572917291324e-06
755.25	2.2220556836374695e-06	1.1570572917291324e-06
755.5	2.2220556836374695e-06	1.1570572917291324e-06
755.75	2.2220556836374695e-06	1.1570572917291324e-06
756.0	2.4694292208846354e-06	1.2582082829179523e-06
756.25	2.4694292208846354e-06	1.2582082829179523e-06
756.5	2.4694292208846354e-06	1.2582082829179523e-06
756.75	2.4694292208846354e-06	1.2582082829179523e-06
757.0	2.8169520877009543e-06	1.393002563051399e-06
757.25	2.8169520877009543e-06	1.393002563051399e-06
757.5	2.8169520877009543e-06	1.393002563051399e-06
757.75	2.8169520877009543e-06	1.393002563051399e-06
758.0	3.183918132983013e-06	1.4880173565049335e-06
758.25	3.183918132983013e-06	1.4880173565049335e-06
758.5	3.183918132983013e-06	1.4880173565049335e-06
758.75	3.183918132983013e-06	1.4880173565049335e-06
759.0	3.5188829685328366e-06	1.4799316585464723e-06
759.25	3.5188829685328366e-06	1.4799316585464723e-06
759.5	3.5188829685328366e-06	1.4799316585464723e-06
759.75	3.5188829685328366e-06	1.4799316585464723e-06
760.0	3.83983956063513e-06	1.365228833986556e-06
760.25	3.83983956063513e-06	1.365228833986556e-06
760.5	3.83983956063513e-06	1.365228833986556e-06
760.75	3.83983956063513e-06	1.365228833986556e-06
761.0	4.260917924144306e-06	1.2130369531461453e-06
761.25	4.260917924144306e-06	1.2130369531461453e-06
761.5	4.260917924144306e-06	1.2130369531461453e-06
761.75	4.260917924144306e-06	1.2130369531461453e-06
762.0	4.968506343190807e-06	1.1288394462629093e-06
762.25	4.968506343190807e-06	1.1288394462629093e-06
762.5	4.968506343190807e-06	1.1288394462629093e-06
762.75	4.968506343190807e-06	1.1288394462629093e-06
763.0	6.095800080823541e-06	1.173196777072104e-06
763.25	6.095800080823541e-06	1.173196777072104e-06
763.5	6.095800080823541e-06	1.173196777072104e-06
763.75	6.095800080823541e-06	1.173196777072104e-06
764.0	7.626312505185417e-06	1.3244439775734645e-06
764.25	7.626312505185417e-06	1.3244439775734645e-06
764.5	7.626312505185417e-06	1.3244439775734645e-06
764.75	7.626312505185417e-06	1.3244439775734645e-06
765.0	9.374204570124528e-06	1.5063951338781897e-06
765.25	9.374204570124528e-06	1.5063951338781897e-06
765.5	9.374204570124528e-06	1.5063951338781897e-06
765.75	9.374204570124528e-06	1.5063951338781897e-06
766.0	1.0884779399847065e-05	1.6163183019034647e-06
766.25	1.0884779399847065e-05	1.6163183019034647e-06
766.5	1.0884779399847065e-05	1.6163183019034647e-06
766.75	1.0884779399847065e-05	1.6163183019034647e-06
767.0	1.1561656257978585e-05	1.5792162159463358e-06
767.25	1.1561656257978585e-05	1.5792162159463358e-06
767.5	1.1561656257978585e-05	1.5792162159463358e-06
767.75	1.1561656257978585e-05	1.5792162159463358e-06
768.0	1.1119220695413555e-05	1.4169202777895847e-06
768.25	1.1119220695413555e-05	1.4169202777895847e-06
768.5	1.1119220695413555e-05	1.4169202777895847e-06
768.75	1.1119220695413555e-05	1.4169202777895847e-06
769.0	9.74086655943676e-06	1.2175779788399968e-06
769.25	9.74086655943676e-06	1.2175779788399968e-06
769.5	9.74086655943676e-06	1.2175779788399968e-06
769.75	9.74086655943676e-06	1.2175779788399968e-06
770.0	7.914053050811981e-06	1.056701246951518e-06
770.25	7.914053050811981e-06	1.056701246951518e-06
770.5	7.914053050811981e-06	1.056701246951518e-06
770.75	7.914053050811981e-06	1.056701246951518e-06
771.0	6.23592668149972e-06	9.716112424617658e-07
771.25	6.23592668149972e-06	9.716112424617658e-07
771.5	6.23592668149972e-06	9.716112424617658e-07
771.75	6.23592668149972e-06	9.716112424617658e-07
772.0	5.140522218591542e-06	9.576347189662144e-07
772.25	5.140522218591542e-06	9.576347189662144e-07
772.5	5.140522218591542e-06	9.576347189662144e-07
772.75	5.140522218591542e-06	9.576347189662144e-07
773.0	4.718105978017706e-06	9.570610678167977e-07
773.25	4.718105978017706e-06	9.570610678167977e-07
773.5	4.718105978017706e-06	9.570610678167977e-07
773.75	4.718105978017706e-06	9.570610678167977e-07
774.0	4.811734267739636e-06	8.969903338984003e-07
774.25	4.811734267739636e-06	8.969903338984003e-07
774.5	4.811734267739636e-06	8.969903338984003e-07
774.75	4.811734267739636e-06	8.969903338984003e-07
775.0	5.2391728717081874e-06	7.650166425551189e-07
775.25	5.2391728717081874e-06	7.650166425551189e-07
775.5	5.2391728717081874e-06	7.650166425551189e-07
775.75	5.2391728717081874e-06	7.650166425551189e-07
776.0	5.9545808470839005e-06	6.351254885230159e-07
776.25	5.9545808470839005e-06	6.351254885230159e-07
776.5	5.9545808470839005e-06	6.351254885230159e-07
776.75	5.9545808470839005e-06	6.351254885230159e-07
777.0	7.043311261126208e-06	6.320306341404724e-07
777.25	7.043311261126208e-06	6.320306341404724e-07
777.5	7.043311261126208e-06	6.320306341404724e-07
777.75	7.043311261126208e-06	6.320306341404724e-07
778.0	8.558912759551025e-06	8.499245088714438e-07
778.25	8.558912759551025e-06	8.499245088714438e-07
778.5	8.558912759551025e-06	8.499245088714438e-07
778.75	8.558912759551025e-06	8.499245088714438e-07
779.0	1.038148972333153e-05	1.2786793106000657e-06
779.25	1.038148972333153e-05	1.2786793106000657e-06
779.5	1.038148972333153e-05	1.2786793106000657e-06
779.75	1.038148972333153e-05	1.2786793106000657e-06
780.0	1.224243077479466e-05	1.798081133383833e-06
780.25	1.224243077479466e-05	1.798081133383833e-06
780.5	1.224243077479466e-05	1.798081133383833e-06
780.75	1.224243077479466e-05	1.798081133383833e-06
781.0	1.371950348012218e-05	2.216177269786791e-06
781.25	1.371950348012218e-05	2.216177269786791e-06
781.5	1.371950348012218e-05	2.216177269786791e-06
781.75	1.371950348012218e-05	2.216177269786791e-06
782.0	1.4268057262978208e-05	2.3546047078750453e-06
782.25	1.4268057262978208e-05	2.3546047078750453e-06
782.5	1.4268057262978208e-05	2.3546047078750453e-06
782.75	1.4268057262978208e-05	2.3546047078750453e-06
783.0	1.359603022278388e-05	2.177131193514948e-06
783.25	1.359603022278388e-05	2.177131193514948e-06
783.5	1.359603022278388e-05	2.177131193514948e-06
783.75	1.359603022278388e-05	2.177131193514948e-06
784.0	1.192618326713453e-05	1.8007727050763498e-06
784.25	1.192618326713453e-05	1.8007727050763498e-06
784.5	1.192618326713453e-05	1.8007727050763498e-06
784.75	1.192618326713453e-05	1.8007727050763498e-06
785.0	9.788112042395029e-06	1.389072907836651e-06
785.25	9.788112042395029e-06	1.389072907836651e-06
785.5	9.788112042395029e-06	1.389072907836651e-06
785.75	9.788112042395029e-06	1.389072907836651e-06
786.0	7.736303517668754e-06	1.065017376667692e-06
786.25	7.736303517668754e-06	1.065017376667692e-06
786.5	7.736303517668754e-06	1.065017376667692e-06
786.75	7.736303517668754e-06	1.065017376667692e-06
787.0	6.179805870715233e-06	8.711739363278611e-07
787.25	6.179805870715233e-06	8.711739363278611e-07
787.5	6.179805870715233e-06	8.711739363278611e-07
787.75	6.179805870715233e-06	8.711739363278611e-07
788.0	5.264857121789222e-06	7.794751108878689e-07
788.25	5.264857121789222e-06	7.794751108878689e-07
788.5	5.264857121789222e-06	7.794751108878689e-07
788.75	5.264857121789222e-06	7.794751108878689e-07
789.0	4.906328029963748e-06	7.285713214569703e-07
789.25	4.906328029963748e-06	7.285713214569703e-07
789.5	4.906328029963748e-06	7.285713214569703e-07
789.75	4.906328029963748e-06	7.285713214569703e-07
790.0	4.915631469923644e-06	6.75954912153891e-07
790.25	4.915631469923644e-06	6.75954912153891e-07
790.5	4.915631469923644e-06	6.75954912153891e-07
790.75	4.915631469923644e-06	6.75954912153891e-07
791.0	5.149508446094957e-06	6.287879714047338e-07
791.25	5.149508446094957e-06	6.287879714047338e-07
791.5	5.149508446094957e-06	6.287879714047338e-07
791.75	5.149508446094957e-06	6.287879714047338e-07
792.0	5.581698185852927e-06	6.26186893950033e-07
792.25	5.581698185852927e-06	6.26186893950033e-07
792.5	5.581698185852927e-06	6.26186893950033e-07
792.75	5.581698185852927e-06	6.26186893950033e-07
793.0	6.24954723421949e-06	7.165166624553117e-07
793.25	6.24954723421949e-06	7.165166624553117e-07
793.5	6.24954723421949e-06	7.165166624553117e-07
793.75	6.24954723421949e-06	7.165166624553117e-07
794.0	7.180272810940176e-06	9.357078693876593e-07
794.25	7.180272810940176e-06	9.357078693876593e-07
794.5	7.180272810940176e-06	9.357078693876593e-07
794.75	7.180272810940176e-06	9.357078693876593e-07
795.0	8.361946047703287e-06	1.2805955250328787e-06
795.25	8.361946047703287e-06	1.2805955250328787e-06
795.5	8.361946047703287e-06	1.2805955250328787e-06
795.75	8.361946047703287e-06	1.2805955250328787e-06
796.0	9.688323867176327e-06	1.6861236304968117e-06
796.25	9.688323867176327e-06	1.6861236304968117e-06
796.5	9.688323867176327e-06	1.6861236304968117e-06
796.75	9.688323867176327e-06	1.6861236304968117e-06
797.0	1.0908704141473435e-05	2.0379786760337047e-06
797.25	1.0908704141473435e-05	2.0379786760337047e-06
797.5	1.0908704141473435e-05	2.0379786760337047e-06
797.75	1.0908704141473435e-05	2.0379786760337047e-06
798.0	1.1710003160215175e-05	2.2333867878792207e-06
798.25	1.1710003160215175e-05	2.2333867878792207e-06
798.5	1.1710003160215175e-05	2.2333867878792207e-06
798.75	1.1710003160215175e-05	2.2333867878792207e-06
799.0	1.1876820376587322e-05	2.2316464900560243e-06
799.25	1.1876820376587322e-05	2.2316464900560243e-06
799.5	1.1876820376587322e-05	2.2316464900560243e-06
799.75	1.1876820376587322e-05	2.2316464900560243e-06
800.0	1.1370266052189771e-05	2.048388082340682e-06
800.25	1.1370266052189771e-05	2.048388082340682e-06
800.5	1.1370266052189771e-05	2.048388082340682e-06
800.75	1.1370266052189771e-05	2.048388082340682e-06
801.0	1.0270851658179321e-05	1.7351355034801805e-06
801.25	1.0270851658179321e-05	1.7351355034801805e-06
801.5	1.0270851658179321e-05	1.7351355034801805e-06
801.75	1.0270851658179321e-05	1.7351355034801805e-06
802.0	8.71698163699977e-06	1.3713257889360452e-06
802.25	8.71698163699977e-06	1.3713257889360452e-06
802.5	8.71698163699977e-06	1.3713257889360452e-06
802.75	8.71698163699977e-06	1.3713257889360452e-06
803.0	6.9688368965824115e-06	1.0453942893908885e-06
803.25	6.9688368965824115e-06	1.0453942893908885e-06
803.5	6.9688368965824115e-06	1.0453942893908885e-06
803.75	6.9688368965824115e-06	1.0453942893908885e-06
804.0	5.364498179082399e-06	8.317832990851027e-07
804.25	5.364498179082399e-06	8.317832990851027e-07
804.5	5.364498179082399e-06	8.317832990851027e-07
804.75	5.364498179082399e-06	8.317832990851027e-07
805.0	4.149749144512282e-06	7.696825542954954e-07
805.25	4.149749144512282e-06	7.696825542954954e-07
805.5	4.149749144512282e-06	7.696825542954954e-07
805.75	4.149749144512282e-06	7.696825542954954e-07
806.0	3.4130007281788966e-06	8.396839189787302e-07
806.25	3.4130007281788966e-06	8.396839189787302e-07
806.5	3.4130007281788966e-06	8.396839189787302e-07
806.75	3.4130007281788966e-06	8.396839189787302e-07
807.0	3.116951372875048e-06	9.721061753225567e-07
807.25	3.116951372875048e-06	9.721061753225567e-07
807.5	3.116951372875048e-06	9.721061753225567e-07
807.75	3.116951372875048e-06	9.721061753225567e-07
808.0	3.1661434401514826e-06	1.106658445288728e-06
808.25	3.1661434401514826e-06	1.106658445288728e-06
808.5	3.1661434401514826e-06	1.106658445288728e-06
808.75	3.1661434401514826e-06	1.106658445288728e-06
809.0	3.48395770621242e-06	1.2524089372178547e-06
809.25	3.48395770621242e-06	1.2524089372178547e-06
809.5	3.48395770621242e-06	1.2524089372178547e-06
809.75	3.48395770621242e-06	1.2524089372178547e-06
810.0	4.059524342421621e-06	1.4732885098279597e-06
810.25	4.059524342421621e-06	1.4732885098279597e-06
810.5	4.059524342421621e-06	1.4732885098279597e-06
810.75	4.059524342421621e-06	1.4732885098279597e-06
811.0	4.9491975961149425e-06	1.823972041265007e-06
811.25	4.9491975961149425e-06	1.823972041265007e-06
811.5	4.9491975961149425e-06	1.823972041265007e-06
811.75	4.9491975961149425e-06	1.823972041265007e-06
812.0	6.2196697110803655e-06	2.291675888630187e-06
812.25	6.2196697110803655e-06	2.291675888630187e-06
812.5	6.2196697110803655e-06	2.291675888630187e-06
812.75	6.2196697110803655e-06	2.291675888630187e-06
813.0	7.841232180557812e-06	2.786740048284407e-06
813.25	7.841232180557812e-06	2.786740048284407e-06
813.5	7.841232180557812e-06	2.786740048284407e-06
813.75	7.841232180557812e-06	2.786740048284407e-06
814.0	9.589005045207637e-06	3.1772413411702153e-06
814.25	9.589005045207637e-06	3.1772413411702153e-06
814.5	9.589005045207637e-06	3.1772413411702153e-06
814.75	9.589005045207637e-06	3.1772413411702153e-06
815.0	1.105130934130849e-05	3.3276007293981814e-06
815.25	1.105130934130849e-05	3.3276007293981814e-06
815.5	1.105130934130849e-05	3.3276007293981814e-06
815.75	1.105130934130849e-05	3.3276007293981814e-06
816.0	1.176966652422707e-05	3.1515401209704457e-06
816.25	1.176966652422707e-05	3.1515401209704457e-06
816.5	1.176966652422707e-05	3.1515401209704457e-06
816.75	1.176966652422707e-05	3.1515401209704457e-06
817.0	1.146826373176359e-05	2.670351458737911e-06
817.25	1.146826373176359e-05	2.670351458737911e-06
817.5	1.146826373176359e-05	2.670351458737911e-06
817.75	1.146826373176359e-05	2.670351458737911e-06
818.0	1.0211345485799141e-05	2.0205876649440003e-06
818.25	1.0211345485799141e-05	2.0205876649440003e-06
818.5	1.0211345485799141e-05	2.0205876649440003e-06
818.75	1.0211345485799141e-05	2.0205876649440003e-06
819.0	8.35833076890295e-06	1.3914856521502892e-06
819.25	8.35833076890295e-06	1.3914856521502892e-06
819.5	8.35833076890295e-06	1.3914856521502892e-06
819.75	8.35833076890295e-06	1.3914856521502892e-06
820.0	6.368802221248512e-06	9.394289437812999e-07
820.25	6.368802221248512e-06	9.394289437812999e-07
820.5	6.368802221248512e-06	9.394289437812999e-07
820.75	6.368802221248512e-06	9.394289437812999e-07
821.0	4.591974328274108e-06	7.313526804417593e-07
821.25	4.591974328274108e-06	7.313526804417593e-07
821.5	4.591974328274108e-06	7.313526804417593e-07
821.75	4.591974328274108e-06	7.313526804417593e-07
822.0	3.192964117308309e-06	7.357274262116363e-07
822.25	3.192964117308309e-06	7.357274262116363e-07
822.5	3.192964117308309e-06	7.357274262116363e-07
822.75	3.192964117308309e-06	7.357274262116363e-07
823.0	2.2107434268074376e-06	8.616568129442702e-07
823.25	2.2107434268074376e-06	8.616568129442702e-07
823.5	2.2107434268074376e-06	8.616568129442702e-07
823.75	2.2107434268074376e-06	8.616568129442702e-07
824.0	1.636100977833344e-06	1.021385701547033e-06
824.25	1.636100977833344e-06	1.021385701547033e-06
824.5	1.636100977833344e-06	1.021385701547033e-06
824.75	1.636100977833344e-06	1.021385701547033e-06
825.0	1.45359504292013e-06	1.170949267528309e-06
825.25	1.45359504292013e-06	1.170949267528309e-06
825.5	1.45359504292013e-06	1.170949267528309e-06
825.75	1.45359504292013e-06	1.170949267528309e-06
826.0	1.6421731535552465e-06	1.3103832298886665e-06
826.25	1.6421731535552465e-06	1.3103832298886665e-06
826.5	1.6421731535552465e-06	1.3103832298886665e-06
826.75	1.6421731535552465e-06	1.3103832298886665e-06
827.0	2.1886681842510886e-06	1.46924922509255e-06
827.25	2.1886681842510886e-06	1.46924922509255e-06
827.5	2.1886681842510886e-06	1.46924922509255e-06
827.75	2.1886681842510886e-06	1.46924922509255e-06
828.0	3.1398743315188945e-06	1.6859406700813587e-06
828.25	3.1398743315188945e-06	1.6859406700813587e-06
828.5	3.1398743315188945e-06	1.6859406700813587e-06
828.75	3.1398743315188945e-06	1.6859406700813587e-06
829.0	4.623710999544171e-06	1.9779158705672265e-06
829.25	4.623710999544171e-06	1.9779158705672265e-06
829.5	4.623710999544171e-06	1.9779158705672265e-06
829.75	4.623710999544171e-06	1.9779158705672265e-06
830.0	6.785992732945026e-06	2.314305991305995e-06
830.25	6.785992732945026e-06	2.314305991305995e-06
830.5	6.785992732945026e-06	2.314305991305995e-06
830.75	6.785992732945026e-06	2.314305991305995e-06
831.0	9.655103985582187e-06	2.6116801390332206e-06
831.25	9.655103985582187e-06	2.6116801390332206e-06
831.5	9.655103985582187e-06	2.6116801390332206e-06
831.75	9.655103985582187e-06	2.6116801390332206e-06
832.0	1.2976931240431902e-05	2.7699047109755248e-06
832.25	1.2976931240431902e-05	2.7699047109755248e-06
832.5	1.2976931240431902e-05	2.7699047109755248e-06
832.75	1.2976931240431902e-05	2.7699047109755248e-06
833.0	1.6139486444718733e-05	2.7131711084306154e-06
833.25	1.6139486444718733e-05	2.7131711084306154e-06
833.5	1.6139486444718733e-05	2.7131711084306154e-06
833.75	1.6139486444718733e-05	2.7131711084306154e-06
834.0	1.8342355307431648e-05	2.412057445061399e-06
834.25	1.8342355307431648e-05	2.412057445061399e-06
834.5	1.8342355307431648e-05	2.412057445061399e-06
834.75	1.8342355307431648e-05	2.412057445061399e-06
835.0	1.89295960871026e-05	1.91638003131132e-06
835.25	1.89295960871026e-05	1.91638003131132e-06
835.5	1.89295960871026e-05	1.91638003131132e-06
835.75	1.89295960871026e-05	1.91638003131132e-06
836.0	1.771082583014969e-05	1.373711789136717e-06
836.25	1.771082583014969e-05	1.373711789136717e-06
836.5	1.771082583014969e-05	1.373711789136717e-06
836.75	1.771082583014969e-05	1.373711789136717e-06
837.0	1.5099348786562458e-05	9.838203019345626e-07
837.25	1.5099348786562458e-05	9.838203019345626e-07
837.5	1.5099348786562458e-05	9.838203019345626e-07
837.75	1.5099348786562458e-05	9.838203019345626e-07
838.0	1.1913678925262605e-05	9.201560830554302e-07
838.25	1.1913678925262605e-05	9.201560830554302e-07
838.5	1.1913678925262605e-05	9.201560830554302e-07
838.75	1.1913678925262605e-05	9.201560830554302e-07
839.0	8.943494906079335e-06	1.2621293229233671e-06
839.25	8.943494906079335e-06	1.2621293229233671e-06
839.5	8.943494906079335e-06	1.2621293229233671e-06
839.75	8.943494906079335e-06	1.2621293229233671e-06
840.0	6.60584839122654e-06	1.94751930813309e-06
840.25	6.60584839122654e-06	1.94751930813309e-06
840.5	6.60584839122654e-06	1.94751930813309e-06
840.75	6.60584839122654e-06	1.94751930813309e-06
841.0	4.925701051381051e-06	2.775551530774596e-06
841.25	4.925701051381051e-06	2.775551530774596e-06
841.5	4.925701051381051e-06	2.775551530774596e-06
841.75	4.925701051381051e-06	2.775551530774596e-06
842.0	3.7515268074599477e-06	3.4956008665866385e-06
842.25	3.7515268074599477e-06	3.4956008665866385e-06
842.5	3.7515268074599477e-06	3.4956008665866385e-06
842.75	3.7515268074599477e-06	3.4956008665866385e-06
843.0	2.963829269535111e-06	3.924024736002285e-06
843.25	2.963829269535111e-06	3.924024736002285e-06
843.5	2.963829269535111e-06	3.924024736002285e-06
843.75	2.963829269535111e-06	3.924024736002285e-06
844.0	2.5405625940728206e-06	3.997408113664448e-06
844.25	2.5405625940728206e-06	3.997408113664448e-06
844.5	2.5405625940728206e-06	3.997408113664448e-06
844.75	2.5405625940728206e-06	3.997408113664448e-06
845.0	2.488764002037013e-06	3.7595354816068653e-06
845.25	2.488764002037013e-06	3.7595354816068653e-06
845.5	2.488764002037013e-06	3.7595354816068653e-06
845.75	2.488764002037013e-06	3.7595354816068653e-06
846.0	2.739644289530118e-06	3.322669379917911e-06
846.25	2.739644289530118e-06	3.322669379917911e-06
846.5	2.739644289530118e-06	3.322669379917911e-06
846.75	2.739644289530118e-06	3.322669379917911e-06
847.0	3.1149321479363935e-06	2.823850722533655e-06
847.25	3.1149321479363935e-06	2.823850722533655e-06
847.5	3.1149321479363935e-06	2.823850722533655e-06
847.75	3.1149321479363935e-06	2.823850722533655e-06
848.0	3.394994500177334e-06	2.3758253600894457e-06
848.25	3.394994500177334e-06	2.3758253600894457e-06
848.5	3.394994500177334e-06	2.3758253600894457e-06
848.75	3.394994500177334e-06	2.3758253600894457e-06
849.0	3.4132787297978566e-06	2.0369119420595484e-06
849.25	3.4132787297978566e-06	2.0369119420595484e-06
849.5	3.4132787297978566e-06	2.0369119420595484e-06
849.75	3.4132787297978566e-06	2.0369119420595484e-06
850.0	3.1027483954904946e-06	1.8159418524941896e-06
850.25	3.1027483954904946e-06	1.8159418524941896e-06
850.5	3.1027483954904946e-06	1.8159418524941896e-06
850.75	3.1027483954904946e-06	1.8159418524941896e-06
851.0	2.5152873149307323e-06	1.6967105461110728e-06
851.25	2.5152873149307323e-06	1.6967105461110728e-06
851.5	2.5152873149307323e-06	1.6967105461110728e-06
851.75	2.5152873149307323e-06	1.6967105461110728e-06
852.0	1.81293849301279e-06	1.6555095431931575e-06
852.25	1.81293849301279e-06	1.6555095431931575e-06
852.5	1.81293849301279e-06	1.6555095431931575e-06
852.75	1.81293849301279e-06	1.6555095431931575e-06
853.0	1.1771893154728043e-06	1.6681645497217026e-06
853.25	1.1771893154728043e-06	1.6681645497217026e-06
853.5	1.1771893154728043e-06	1.6681645497217026e-06
853.75	1.1771893154728043e-06	1.6681645497217026e-06
854.0	7.09633290385367e-07	1.71526913301853e-06
854.25	7.09633290385367e-07	1.71526913301853e-06
854.5	7.09633290385367e-07	1.71526913301853e-06
854.75	7.09633290385367e-07	1.71526913301853e-06
855.0	4.18843312595241e-07	1.7721662402953497e-06
855.25	4.18843312595241e-07	1.7721662402953497e-06
855.5	4.18843312595241e-07	1.7721662402953497e-06
855.75	4.18843312595241e-07	1.7721662402953497e-06
856.0	2.6725100220007696e-07	1.801765466037662e-06
856.25	2.6725100220007696e-07	1.801765466037662e-06
856.5	2.6725100220007696e-07	1.801765466037662e-06
856.75	2.6725100220007696e-07	1.801765466037662e-06
857.0	2.1532375931127122e-07	1.771407333355151e-06
857.25	2.1532375931127122e-07	1.771407333355151e-06
857.5	2.1532375931127122e-07	1.771407333355151e-06
857.75	2.1532375931127122e-07	1.771407333355151e-06
858.0	2.428814656789706e-07	1.6785587201283072e-06
858.25	2.428814656789706e-07	1.6785587201283072e-06
858.5	2.428814656789706e-07	1.6785587201283072e-06
858.75	2.428814656789706e-07	1.6785587201283072e-06
859.0	3.521402976972617e-07	1.548162532108751e-06
859.25	3.521402976972617e-07	1.548162532108751e-06
859.5	3.521402976972617e-07	1.548162532108751e-06
859.75	3.521402976972617e-07	1.548162532108751e-06
860.0	5.569112274754539e-07	1.414243887159793e-06
860.25	5.569112274754539e-07	1.414243887159793e-06
860.5	5.569112274754539e-07	1.414243887159793e-06
860.75	5.569112274754539e-07	1.414243887159793e-06
861.0	8.733551204560326e-07	1.3099361792771852e-06
861.25	8.733551204560326e-07	1.3099361792771852e-06
861.5	8.733551204560326e-07	1.3099361792771852e-06
861.75	8.733551204560326e-07	1.3099361792771852e-06
862.0	1.3217838245683428e-06	1.252307240721257e-06
862.25	1.3217838245683428e-06	1.252307240721257e-06
862.5	1.3217838245683428e-06	1.252307240721257e-06
862.75	1.3217838245683428e-06	1.252307240721257e-06
863.0	1.9179600981694506e-06	1.2254744657334115e-06
863.25	1.9179600981694506e-06	1.2254744657334115e-06
863.5	1.9179600981694506e-06	1.2254744657334115e-06
863.75	1.9179600981694506e-06	1.2254744657334115e-06
864.0	2.6406552629985465e-06	1.1900077973235626e-06
864.25	2.6406552629985465e-06	1.1900077973235626e-06
864.5	2.6406552629985465e-06	1.1900077973235626e-06
864.75	2.6406552629985465e-06	1.1900077973235626e-06
865.0	3.4087107963272476e-06	1.1084856658545405e-06
865.25	3.4087107963272476e-06	1.1084856658545405e-06
865.5	3.4087107963272476e-06	1.1084856658545405e-06
865.75	3.4087107963272476e-06	1.1084856658545405e-06
866.0	4.093542293550354e-06	9.628567336430674e-07
866.25	4.093542293550354e-06	9.628567336430674e-07
866.5	4.093542293550354e-06	9.628567336430674e-07
866.75	4.093542293550354e-06	9.628567336430674e-07
867.0	4.5586156453912654e-06	7.647502235174683e-07
867.25	4.5586156453912654e-06	7.647502235174683e-07
867.5	4.5586156453912654e-06	7.647502235174683e-07
867.75	4.5586156453912654e-06	7.647502235174683e-07
868.0	4.7183368985947645e-06	5.563177775127101e-07
868.25	4.7183368985947645e-06	5.563177775127101e-07
868.5	4.7183368985947645e-06	5.563177775127101e-07
868.75	4.7183368985947645e-06	5.563177775127101e-07
869.0	4.5870715016259696e-06	3.959093955493633e-07
869.25	4.5870715016259696e-06	3.959093955493633e-07
869.5	4.5870715016259696e-06	3.959093955493633e-07
869.75	4.5870715016259696e-06	3.959093955493633e-07
870.0	4.2666029904550845e-06	3.340965168546309e-07
870.25	4.2666029904550845e-06	3.340965168546309e-07
870.5	4.2666029904550845e-06	3.340965168546309e-07
870.75	4.2666029904550845e-06	3.340965168546309e-07
871.0	3.876003828090054e-06	3.896606946184114e-07
871.25	3.876003828090054e-06	3.896606946184114e-07
871.5	3.876003828090054e-06	3.896606946184114e-07
871.75	3.876003828090054e-06	3.896606946184114e-07
872.0	3.491605509131998e-06	5.341410632217966e-07
872.25	3.491605509131998e-06	5.341410632217966e-07
872.5	3.491605509131998e-06	5.341410632217966e-07
872.75	3.491605509131998e-06	5.341410632217966e-07
873.0	3.138532374157227e-06	7.032029897735746e-07
873.25	3.138532374157227e-06	7.032029897735746e-07
873.5	3.138532374157227e-06	7.032029897735746e-07
873.75	3.138532374157227e-06	7.032029897735746e-07
874.0	2.81420429065941e-06	8.368298372829293e-07
874.25	2.81420429065941e-06	8.368298372829293e-07
874.5	2.81420429065941e-06	8.368298372829293e-07
874.75	2.81420429065941e-06	8.368298372829293e-07
875.0	2.510377884826289e-06	9.118562191971708e-07
875.25	2.510377884826289e-06	9.118562191971708e-07
875.5	2.510377884826289e-06	9.118562191971708e-07
875.75	2.510377884826289e-06	9.118562191971708e-07
876.0	2.232079505928815e-06	9.444922598699815e-07
876.25	2.232079505928815e-06	9.444922598699815e-07
876.5	2.232079505928815e-06	9.444922598699815e-07
876.75	2.232079505928815e-06	9.444922598699815e-07
877.0	1.9965184289791385e-06	9.671456573985514e-07
877.25	1.9965184289791385e-06	9.671456573985514e-07
877.5	1.9965184289791385e-06	9.671456573985514e-07
877.75	1.9965184289791385e-06	9.671456573985514e-07
878.0	1.82166598338036e-06	9.941895422432756e-07
878.25	1.82166598338036e-06	9.941895422432756e-07
878.5	1.82166598338036e-06	9.941895422432756e-07
878.75	1.82166598338036e-06	9.941895422432756e-07
879.0	1.7227268910379488e-06	1.0073604171316418e-06
879.25	1.7227268910379488e-06	1.0073604171316418e-06
879.5	1.7227268910379488e-06	1.0073604171316418e-06
879.75	1.7227268910379488e-06	1.0073604171316418e-06
880.0	1.7051524088017206e-06	9.777166102425922e-07
880.25	1.7051524088017206e-06	9.777166102425922e-07
880.5	1.7051524088017206e-06	9.777166102425922e-07
880.75	1.7051524088017206e-06	9.777166102425922e-07
881.0	1.7503287973593486e-06	8.926430407113512e-07
881.25	1.7503287973593486e-06	8.926430407113512e-07
881.5	1.7503287973593486e-06	8.926430407113512e-07
881.75	1.7503287973593486e-06	8.926430407113512e-07
882.0	1.8083948625603594e-06	7.643252737746624e-07
882.25	1.8083948625603594e-06	7.643252737746624e-07
882.5	1.8083948625603594e-06	7.643252737746624e-07
882.75	1.8083948625603594e-06	7.643252737746624e-07
883.0	1.8313938421486006e-06	6.308664960411174e-07
883.25	1.8313938421486006e-06	6.308664960411174e-07
883.5	1.8313938421486006e-06	6.308664960411174e-07
883.75	1.8313938421486006e-06	6.308664960411174e-07
884.0	1.8024118097034122e-06	5.432717685228368e-07
884.25	1.8024118097034122e-06	5.432717685228368e-07
884.5	1.8024118097034122e-06	5.432717685228368e-07
884.75	1.8024118097034122e-06	5.432717685228368e-07
885.0	1.717777311269344e-06	5.25517617871853e-07
885.25	1.717777311269344e-06	5.25517617871853e-07
885.5	1.717777311269344e-06	5.25517617871853e-07
885.75	1.717777311269344e-06	5.25517617871853e-07
886.0	1.5792950870773198e-06	5.528227930721769e-07
886.25	1.5792950870773198e-06	5.528227930721769e-07
886.5	1.5792950870773198e-06	5.528227930721769e-07
886.75	1.5792950870773198e-06	5.528227930721769e-07
887.0	1.4009740269862126e-06	5.813496404564519e-07
887.25	1.4009740269862126e-06	5.813496404564519e-07
887.5	1.4009740269862126e-06	5.813496404564519e-07
887.75	1.4009740269862126e-06	5.813496404564519e-07
888.0	1.2016079731077175e-06	5.807548699551169e-07
888.25	1.2016079731077175e-06	5.807548699551169e-07
888.5	1.2016079731077175e-06	5.807548699551169e-07
888.75	1.2016079731077175e-06	5.807548699551169e-07
889.0	1.0043829201742926e-06	5.406451416665075e-07
889.25	1.0043829201742926e-06	5.406451416665075e-07
889.5	1.0043829201742926e-06	5.406451416665075e-07
889.75	1.0043829201742926e-06	5.406451416665075e-07
890.0	8.39155025712695e-07	4.7600924489500354e-07
890.25	8.39155025712695e-07	4.7600924489500354e-07
890.5	8.39155025712695e-07	4.7600924489500354e-07
890.75	8.39155025712695e-07	4.7600924489500354e-07
891.0	7.371696308496042e-07	4.211044459689587e-07
891.25	7.371696308496042e-07	4.211044459689587e-07
891.5	7.371696308496042e-07	4.211044459689587e-07
891.75	7.371696308496042e-07	4.211044459689587e-07
892.0	7.374623531438213e-07	4.037171878129942e-07
892.25	7.374623531438213e-07	4.037171878129942e-07
892.5	7.374623531438213e-07	4.037171878129942e-07
892.75	7.374623531438213e-07	4.037171878129942e-07
893.0	8.899937385559454e-07	4.3311791711020864e-07
893.25	8.899937385559454e-07	4.3311791711020864e-07
893.5	8.899937385559454e-07	4.3311791711020864e-07
893.75	8.899937385559454e-07	4.3311791711020864e-07
894.0	1.2473348709395922e-06	5.025175726519118e-07
894.25	1.2473348709395922e-06	5.025175726519118e-07
894.5	1.2473348709395922e-06	5.025175726519118e-07
894.75	1.2473348709395922e-06	5.025175726519118e-07
895.0	1.8535863581281192e-06	5.89171582861821e-07
895.25	1.8535863581281192e-06	5.89171582861821e-07
895.5	1.8535863581281192e-06	5.89171582861821e-07
895.75	1.8535863581281192e-06	5.89171582861821e-07
896.0	2.7092104125680134e-06	6.640811138049307e-07
896.25	2.7092104125680134e-06	6.640811138049307e-07
896.5	2.7092104125680134e-06	6.640811138049307e-07
896.75	2.7092104125680134e-06	6.640811138049307e-07
897.0	3.754727129566715e-06	7.043307541648517e-07
897.25	3.754727129566715e-06	7.043307541648517e-07
897.5	3.754727129566715e-06	7.043307541648517e-07
897.75	3.754727129566715e-06	7.043307541648517e-07
898.0	4.8849652967478515e-06	6.938373767696768e-07
898.25	4.8849652967478515e-06	6.938373767696768e-07
898.5	4.8849652967478515e-06	6.938373767696768e-07
898.75	4.8849652967478515e-06	6.938373767696768e-07
899.0	5.934551804039488e-06	6.296867775695378e-07
899.25	5.934551804039488e-06	6.296867775695378e-07
899.5	5.934551804039488e-06	6.296867775695378e-07
899.75	5.934551804039488e-06	6.296867775695378e-07
900.0	6.7214967516307944e-06	5.335462045033607e-07
900.25	6.7214967516307944e-06	5.335462045033607e-07
900.5	6.7214967516307944e-06	5.335462045033607e-07
900.75	6.7214967516307944e-06	5.335462045033607e-07
901.0	7.1471097783533206e-06	4.4619918178259905e-07
901.25	7.1471097783533206e-06	4.4619918178259905e-07
901.5	7.1471097783533206e-06	4.4619918178259905e-07
901.75	7.1471097783533206e-06	4.4619918178259905e-07
902.0	7.223526919209678e-06	4.0468277846267895e-07
902.25	7.223526919209678e-06	4.0468277846267895e-07
902.5	7.223526919209678e-06	4.0468277846267895e-07
902.75	7.223526919209678e-06	4.0468277846267895e-07
903.0	7.041052069050879e-06	4.2003445490545074e-07
903.25	7.041052069050879e-06	4.2003445490545074e-07
903.5	7.041052069050879e-06	4.2003445490545074e-07
903.75	7.041052069050879e-06	4.2003445490545074e-07
904.0	6.696863101751379e-06	4.683376140688067e-07
904.25	6.696863101751379e-06	4.683376140688067e-07
904.5	6.696863101751379e-06	4.683376140688067e-07
904.75	6.696863101751379e-06	4.683376140688067e-07
905.0	6.227249924047794e-06	5.027573035396613e-07
905.25	6.227249924047794e-06	5.027573035396613e-07
905.5	6.227249924047794e-06	5.027573035396613e-07
905.75	6.227249924047794e-06	5.027573035396613e-07
906.0	5.659453650132026e-06	4.809203149524457e-07
906.25	5.659453650132026e-06	4.809203149524457e-07
906.5	5.659453650132026e-06	4.809203149524457e-07
906.75	5.659453650132026e-06	4.809203149524457e-07
907.0	5.067629419053465e-06	3.930999212723786e-07
907.25	5.067629419053465e-06	3.930999212723786e-07
907.5	5.067629419053465e-06	3.930999212723786e-07
907.75	5.067629419053465e-06	3.930999212723786e-07
908.0	4.508476776597931e-06	2.778582021504982e-07
908.25	4.508476776597931e-06	2.778582021504982e-07
908.5	4.508476776597931e-06	2.778582021504982e-07
908.75	4.508476776597931e-06	2.778582021504982e-07
909.0	4.001150982974187e-06	2.0660588426031577e-07
909.25	4.001150982974187e-06	2.0660588426031577e-07
909.5	4.001150982974187e-06	2.0660588426031577e-07
909.75	4.001150982974187e-06	2.0660588426031577e-07
910.0	3.5486701239445584e-06	2.346748945000229e-07
910.25	3.5486701239445584e-06	2.346748945000229e-07
910.5	3.5486701239445584e-06	2.346748945000229e-07
910.75	3.5486701239445584e-06	2.346748945000229e-07
911.0	3.1174855461969107e-06	3.6277533870090166e-07
911.25	3.1174855461969107e-06	3.6277533870090166e-07
911.5	3.1174855461969107e-06	3.6277533870090166e-07
911.75	3.1174855461969107e-06	3.6277533870090166e-07
912.0	2.6769225133142877e-06	5.463851015972744e-07
912.25	2.6769225133142877e-06	5.463851015972744e-07
912.5	2.6769225133142877e-06	5.463851015972744e-07
912.75	2.6769225133142877e-06	5.463851015972744e-07
913.0	2.291246411509377e-06	7.233166577439179e-07
913.25	2.291246411509377e-06	7.233166577439179e-07
913.5	2.291246411509377e-06	7.233166577439179e-07
913.75	2.291246411509377e-06	7.233166577439179e-07
914.0	2.1196222369525074e-06	8.41413844571751e-07
914.25	2.1196222369525074e-06	8.41413844571751e-07
914.5	2.1196222369525074e-06	8.41413844571751e-07
914.75	2.1196222369525074e-06	8.41413844571751e-07
915.0	2.340615922194821e-06	8.853911332493844e-07
915.25	2.340615922194821e-06	8.853911332493844e-07
915.5	2.340615922194821e-06	8.853911332493844e-07
915.75	2.340615922194821e-06	8.853911332493844e-07
916.0	3.067273982096214e-06	8.733544097391599e-07
916.25	3.067273982096214e-06	8.733544097391599e-07
916.5	3.067273982096214e-06	8.733544097391599e-07
916.75	3.067273982096214e-06	8.733544097391599e-07
917.0	4.283906944657249e-06	8.276287373949169e-07
917.25	4.283906944657249e-06	8.276287373949169e-07
917.5	4.283906944657249e-06	8.276287373949169e-07
917.75	4.283906944657249e-06	8.276287373949169e-07
918.0	5.83873148999809e-06	7.611806190069305e-07
918.25	5.83873148999809e-06	7.611806190069305e-07
918.5	5.83873148999809e-06	7.611806190069305e-07
918.75	5.83873148999809e-06	7.611806190069305e-07
919.0	7.477352742949081e-06	6.774862032619357e-07
919.25	7.477352742949081e-06	6.774862032619357e-07
919.5	7.477352742949081e-06	6.774862032619357e-07
919.75	7.477352742949081e-06	6.774862032619357e-07
920.0	8.943897816799324e-06	5.816943653558058e-07
920.25	8.943897816799324e-06	5.816943653558058e-07
920.5	8.943897816799324e-06	5.816943653558058e-07
920.75	8.943897816799324e-06	5.816943653558058e-07
921.0	1.0088143034714932e-05	5.004542406204902e-07
921.25	1.0088143034714932e-05	5.004542406204902e-07
921.5	1.0088143034714932e-05	5.004542406204902e-07
921.75	1.0088143034714932e-05	5.004542406204902e-07
922.0	1.0849851420163014e-05	4.698900207733497e-07
922.25	1.0849851420163014e-05	4.698900207733497e-07
922.5	1.0849851420163014e-05	4.698900207733497e-07
922.75	1.0849851420163014e-05	4.698900207733497e-07
923.0	1.1210829341691817e-05	4.98814516015306e-07
923.25	1.1210829341691817e-05	4.98814516015306e-07
923.5	1.1210829341691817e-05	4.98814516015306e-07
923.75	1.1210829341691817e-05	4.98814516015306e-07
924.0	1.1166279914053356e-05	5.579090026140837e-07
924.25	1.1166279914053356e-05	5.579090026140837e-07
924.5	1.1166279914053356e-05	5.579090026140837e-07
924.75	1.1166279914053356e-05	5.579090026140837e-07
925.0	1.0681107674107643e-05	6.028092083002821e-07
925.25	1.0681107674107643e-05	6.028092083002821e-07
925.5	1.0681107674107643e-05	6.028092083002821e-07
925.75	1.0681107674107643e-05	6.028092083002821e-07
926.0	9.761695847938312e-06	6.01013356472123e-07
926.25	9.761695847938312e-06	6.01013356472123e-07
926.5	9.761695847938312e-06	6.01013356472123e-07
926.75	9.761695847938312e-06	6.01013356472123e-07
927.0	8.52521519606612e-06	5.525721170511985e-07
927.25	8.52521519606612e-06	5.525721170511985e-07
927.5	8.52521519606612e-06	5.525721170511985e-07
927.75	8.52521519606612e-06	5.525721170511985e-07
928.0	7.110692709749891e-06	4.969254653388214e-07
928.25	7.110692709749891e-06	4.969254653388214e-07
928.5	7.110692709749891e-06	4.969254653388214e-07
928.75	7.110692709749891e-06	4.969254653388214e-07
929.0	5.640971286133596e-06	4.893045944470891e-07
929.25	5.640971286133596e-06	4.893045944470891e-07
929.5	5.640971286133596e-06	4.893045944470891e-07
929.75	5.640971286133596e-06	4.893045944470891e-07
930.0	4.252897710699858e-06	5.614403748316518e-07
930.25	4.252897710699858e-06	5.614403748316518e-07
930.5	4.252897710699858e-06	5.614403748316518e-07
930.75	4.252897710699858e-06	5.614403748316518e-07
931.0	3.0665498908928622e-06	7.115612554812521e-07
931.25	3.0665498908928622e-06	7.115612554812521e-07
931.5	3.0665498908928622e-06	7.115612554812521e-07
931.75	3.0665498908928622e-06	7.115612554812521e-07
932.0	2.1995516550405595e-06	9.185171147339789e-07
932.25	2.1995516550405595e-06	9.185171147339789e-07
932.5	2.1995516550405595e-06	9.185171147339789e-07
932.75	2.1995516550405595e-06	9.185171147339789e-07
933.0	1.8180851144753494e-06	1.1427714845503266e-06
933.25	1.8180851144753494e-06	1.1427714845503266e-06
933.5	1.8180851144753494e-06	1.1427714845503266e-06
933.75	1.8180851144753494e-06	1.1427714845503266e-06
934.0	2.1084289390236268e-06	1.325147758141854e-06
934.25	2.1084289390236268e-06	1.325147758141854e-06
934.5	2.1084289390236268e-06	1.325147758141854e-06
934.75	2.1084289390236268e-06	1.325147758141854e-06
935.0	3.1673018472316476e-06	1.406659982855636e-06
935.25	3.1673018472316476e-06	1.406659982855636e-06
935.5	3.1673018472316476e-06	1.406659982855636e-06
935.75	3.1673018472316476e-06	1.406659982855636e-06
936.0	4.885245092610141e-06	1.3514046280503181e-06
936.25	4.885245092610141e-06	1.3514046280503181e-06
936.5	4.885245092610141e-06	1.3514046280503181e-06
936.75	4.885245092610141e-06	1.3514046280503181e-06
937.0	6.943829486074836e-06	1.1684213011811916e-06
937.25	6.943829486074836e-06	1.1684213011811916e-06
937.5	6.943829486074836e-06	1.1684213011811916e-06
937.75	6.943829486074836e-06	1.1684213011811916e-06
938.0	8.93343049381458e-06	9.194393825584669e-07
938.25	8.93343049381458e-06	9.194393825584669e-07
938.5	8.93343049381458e-06	9.194393825584669e-07
938.75	8.93343049381458e-06	9.194393825584669e-07
939.0	1.0464127770249879e-05	6.819127661195704e-07
939.25	1.0464127770249879e-05	6.819127661195704e-07
939.5	1.0464127770249879e-05	6.819127661195704e-07
939.75	1.0464127770249879e-05	6.819127661195704e-07
940.0	1.127123143799562e-05	5.02190849175791e-07
940.25	1.127123143799562e-05	5.02190849175791e-07
940.5	1.127123143799562e-05	5.02190849175791e-07
940.75	1.127123143799562e-05	5.02190849175791e-07
941.0	1.1294267395792825e-05	3.8700183713107025e-07
941.25	1.1294267395792825e-05	3.8700183713107025e-07
941.5	1.1294267395792825e-05	3.8700183713107025e-07
941.75	1.1294267395792825e-05	3.8700183713107025e-07
942.0	1.06652135779016e-05	3.245342872685319e-07
942.25	1.06652135779016e-05	3.245342872685319e-07
942.5	1.06652135779016e-05	3.245342872685319e-07
942.75	1.06652135779016e-05	3.245342872685319e-07
943.0	9.638175230844356e-06	3.018818842120905e-07
943.25	9.638175230844356e-06	3.018818842120905e-07
943.5	9.638175230844356e-06	3.018818842120905e-07
943.75	9.638175230844356e-06	3.018818842120905e-07
944.0	8.471574829424837e-06	3.1285468707546937e-07
944.25	8.471574829424837e-06	3.1285468707546937e-07
944.5	8.471574829424837e-06	3.1285468707546937e-07
944.75	8.471574829424837e-06	3.1285468707546937e-07
945.0	7.326124773604262e-06	3.567150353935633e-07
945.25	7.326124773604262e-06	3.567150353935633e-07
945.5	7.326124773604262e-06	3.567150353935633e-07
945.75	7.326124773604262e-06	3.567150353935633e-07
946.0	6.2733308438912835e-06	4.262303478898162e-07
946.25	6.2733308438912835e-06	4.262303478898162e-07
946.5	6.2733308438912835e-06	4.262303478898162e-07
946.75	6.2733308438912835e-06	4.262303478898162e-07
947.0	5.345808262517519e-06	5.013776928151749e-07
947.25	5.345808262517519e-06	5.013776928151749e-07
947.5	5.345808262517519e-06	5.013776928151749e-07
947.75	5.345808262517519e-06	5.013776928151749e-07
948.0	4.534855925791281e-06	5.62642047146418e-07
948.25	4.534855925791281e-06	5.62642047146418e-07
948.5	4.534855925791281e-06	5.62642047146418e-07
948.75	4.534855925791281e-06	5.62642047146418e-07
949.0	3.808372734473346e-06	6.108953194914498e-07
949.25	3.808372734473346e-06	6.108953194914498e-07
949.5	3.808372734473346e-06	6.108953194914498e-07
949.75	3.808372734473346e-06	6.108953194914498e-07
950.0	3.1733718162570866e-06	6.700194285944717e-07
950.25	3.1733718162570866e-06	6.700194285944717e-07
950.5	3.1733718162570866e-06	6.700194285944717e-07
950.75	3.1733718162570866e-06	6.700194285944717e-07
951.0	2.7066835371285052e-06	7.718800913685105e-07
951.25	2.7066835371285052e-06	7.718800913685105e-07
951.5	2.7066835371285052e-06	7.718800913685105e-07
951.75	2.7066835371285052e-06	7.718800913685105e-07
952.0	2.5198174546958935e-06	9.446284586231504e-07
952.25	2.5198174546958935e-06	9.446284586231504e-07
952.5	2.5198174546958935e-06	9.446284586231504e-07
952.75	2.5198174546958935e-06	9.446284586231504e-07
953.0	2.6932843516476043e-06	1.1991215166886454e-06
953.25	2.6932843516476043e-06	1.1991215166886454e-06
953.5	2.6932843516476043e-06	1.1991215166886454e-06
953.75	2.6932843516476043e-06	1.1991215166886454e-06
954.0	3.2161702733649944e-06	1.5142157928747264e-06
954.25	3.2161702733649944e-06	1.5142157928747264e-06
954.5	3.2161702733649944e-06	1.5142157928747264e-06
954.75	3.2161702733649944e-06	1.5142157928747264e-06
955.0	3.971083400244381e-06	1.852632398710377e-06
955.25	3.971083400244381e-06	1.852632398710377e-06
955.5	3.971083400244381e-06	1.852632398710377e-06
955.75	3.971083400244381e-06	1.852632398710377e-06
956.0	4.778532933701071e-06	2.191852402177719e-06
956.25	4.778532933701071e-06	2.191852402177719e-06
956.5	4.778532933701071e-06	2.191852402177719e-06
956.75	4.778532933701071e-06	2.191852402177719e-06
957.0	5.481812537989228e-06	2.5216112766463937e-06
957.25	5.481812537989228e-06	2.5216112766463937e-06
957.5	5.481812537989228e-06	2.5216112766463937e-06
957.75	5.481812537989228e-06	2.5216112766463937e-06
958.0	6.041197301987812e-06	2.823187271022676e-06
958.25	6.041197301987812e-06	2.823187271022676e-06
958.5	6.041197301987812e-06	2.823187271022676e-06
958.75	6.041197301987812e-06	2.823187271022676e-06
959.0	6.548281952698379e-06	3.0580630022238867e-06
959.25	6.548281952698379e-06	3.0580630022238867e-06
959.5	6.548281952698379e-06	3.0580630022238867e-06
959.75	6.548281952698379e-06	3.0580630022238867e-06
960.0	7.115269690860792e-06	3.1706319277758878e-06
960.25	7.115269690860792e-06	3.1706319277758878e-06
960.5	7.115269690860792e-06	3.1706319277758878e-06
960.75	7.115269690860792e-06	3.1706319277758878e-06
961.0	7.74813485775331e-06	3.1125596175776354e-06
961.25	7.74813485775331e-06	3.1125596175776354e-06
961.5	7.74813485775331e-06	3.1125596175776354e-06
961.75	7.74813485775331e-06	3.1125596175776354e-06
962.0	8.306806360533505e-06	2.872241833380255e-06
962.25	8.306806360533505e-06	2.872241833380255e-06
962.5	8.306806360533505e-06	2.872241833380255e-06
962.75	8.306806360533505e-06	2.872241833380255e-06
963.0	8.551339146547761e-06	2.4836842442392564e-06
963.25	8.551339146547761e-06	2.4836842442392564e-06
963.5	8.551339146547761e-06	2.4836842442392564e-06
963.75	8.551339146547761e-06	2.4836842442392564e-06
964.0	8.261758180134132e-06	2.013430929322637e-06
964.25	8.261758180134132e-06	2.013430929322637e-06
964.5	8.261758180134132e-06	2.013430929322637e-06
964.75	8.261758180134132e-06	2.013430929322637e-06
965.0	7.3764200972822125e-06	1.5440666031896005e-06
965.25	7.3764200972822125e-06	1.5440666031896005e-06
965.5	7.3764200972822125e-06	1.5440666031896005e-06
965.75	7.3764200972822125e-06	1.5440666031896005e-06
966.0	6.050119619812359e-06	1.158967221278291e-06
966.25	6.050119619812359e-06	1.158967221278291e-06
966.5	6.050119619812359e-06	1.158967221278291e-06
966.75	6.050119619812359e-06	1.158967221278291e-06
967.0	4.609480747720716e-06	9.08984487144709e-07
967.25	4.609480747720716e-06	9.08984487144709e-07
967.5	4.609480747720716e-06	9.08984487144709e-07
967.75	4.609480747720716e-06	9.08984487144709e-07
968.0	3.4204804558414367e-06	7.898052974502274e-07
968.25	3.4204804558414367e-06	7.898052974502274e-07
968.5	3.4204804558414367e-06	7.898052974502274e-07
968.75	3.4204804558414367e-06	7.898052974502274e-07
969.0	2.734761063319334e-06	7.647772608483856e-07
969.25	2.734761063319334e-06	7.647772608483856e-07
969.5	2.734761063319334e-06	7.647772608483856e-07
969.75	2.734761063319334e-06	7.647772608483856e-07
970.0	2.6271823698837738e-06	7.998035364206285e-07
970.25	2.6271823698837738e-06	7.998035364206285e-07
970.5	2.6271823698837738e-06	7.998035364206285e-07
970.75	2.6271823698837738e-06	7.998035364206285e-07
971.0	3.0171839588694324e-06	8.68939014695585e-07
971.25	3.0171839588694324e-06	8.68939014695585e-07
971.5	3.0171839588694324e-06	8.68939014695585e-07
971.75	3.0171839588694324e-06	8.68939014695585e-07
972.0	3.7178045109041927e-06	9.507742045115102e-07
972.25	3.7178045109041927e-06	9.507742045115102e-07
972.5	3.7178045109041927e-06	9.507742045115102e-07
972.75	3.7178045109041927e-06	9.507742045115102e-07
973.0	4.528983404027388e-06	1.0360735597558696e-06
973.25	4.528983404027388e-06	1.0360735597558696e-06
973.5	4.528983404027388e-06	1.0360735597558696e-06
973.75	4.528983404027388e-06	1.0360735597558696e-06
974.0	5.334183092180388e-06	1.1334275503651847e-06
974.25	5.334183092180388e-06	1.1334275503651847e-06
974.5	5.334183092180388e-06	1.1334275503651847e-06
974.75	5.334183092180388e-06	1.1334275503651847e-06
975.0	6.13223761141243e-06	1.2599510011757085e-06
975.25	6.13223761141243e-06	1.2599510011757085e-06
975.5	6.13223761141243e-06	1.2599510011757085e-06
975.75	6.13223761141243e-06	1.2599510011757085e-06
976.0	7.012778646100504e-06	1.4272757191442501e-06
976.25	7.012778646100504e-06	1.4272757191442501e-06
976.5	7.012778646100504e-06	1.4272757191442501e-06
976.75	7.012778646100504e-06	1.4272757191442501e-06
977.0	8.066012739753026e-06	1.6335794536614493e-06
977.25	8.066012739753026e-06	1.6335794536614493e-06
977.5	8.066012739753026e-06	1.6335794536614493e-06
977.75	8.066012739753026e-06	1.6335794536614493e-06
978.0	9.269486344862212e-06	1.861601615938335e-06
978.25	9.269486344862212e-06	1.861601615938335e-06
978.5	9.269486344862212e-06	1.861601615938335e-06
978.75	9.269486344862212e-06	1.861601615938335e-06
979.0	1.0485406162207603e-05	2.090413505357923e-06
979.25	1.0485406162207603e-05	2.090413505357923e-06
979.5	1.0485406162207603e-05	2.090413505357923e-06
979.75	1.0485406162207603e-05	2.090413505357923e-06
980.0	1.1567172320513139e-05	2.3208347411653904e-06
980.25	1.1567172320513139e-05	2.3208347411653904e-06
980.5	1.1567172320513139e-05	2.3208347411653904e-06
980.75	1.1567172320513139e-05	2.3208347411653904e-06
981.0	1.245116972850352e-05	2.5876880662342215e-06
981.25	1.245116972850352e-05	2.5876880662342215e-06
981.5	1.245116972850352e-05	2.5876880662342215e-06
981.75	1.245116972850352e-05	2.5876880662342215e-06
982.0	1.3184877951349647e-05	2.9318333882146365e-06
982.25	1.3184877951349647e-05	2.9318333882146365e-06
982.5	1.3184877951349647e-05	2.9318333882146365e-06
982.75	1.3184877951349647e-05	2.9318333882146365e-06
983.0	1.3872262530836583e-05	3.3486931772870535e-06
983.25	1.3872262530836583e-05	3.3486931772870535e-06
983.5	1.3872262530836583e-05	3.3486931772870535e-06
983.75	1.3872262530836583e-05	3.3486931772870535e-06
984.0	1.454623336433102e-05	3.767847014423237e-06
984.25	1.454623336433102e-05	3.767847014423237e-06
984.5	1.454623336433102e-05	3.767847014423237e-06
984.75	1.454623336433102e-05	3.767847014423237e-06
985.0	1.506380903865805e-05	4.080290701353361e-06
985.25	1.506380903865805e-05	4.080290701353361e-06
985.5	1.506380903865805e-05	4.080290701353361e-06
985.75	1.506380903865805e-05	4.080290701353361e-06
986.0	1.5137809767690152e-05	4.181136344976182e-06
986.25	1.5137809767690152e-05	4.181136344976182e-06
986.5	1.5137809767690152e-05	4.181136344976182e-06
986.75	1.5137809767690152e-05	4.181136344976182e-06
987.0	1.4491432343641886e-05	4.0028077937321065e-06
987.25	1.4491432343641886e-05	4.0028077937321065e-06
987.5	1.4491432343641886e-05	4.0028077937321065e-06
987.75	1.4491432343641886e-05	4.0028077937321065e-06
988.0	1.3048387581026326e-05	3.5469735682580777e-06
988.25	1.3048387581026326e-05	3.5469735682580777e-06
988.5	1.3048387581026326e-05	3.5469735682580777e-06
988.75	1.3048387581026326e-05	3.5469735682580777e-06
989.0	1.1028623745163033e-05	2.902267601018934e-06
989.25	1.1028623745163033e-05	2.902267601018934e-06
989.5	1.1028623745163033e-05	2.902267601018934e-06
989.75	1.1028623745163033e-05	2.902267601018934e-06
990.0	8.907838908184806e-06	2.225641042701757e-06
990.25	8.907838908184806e-06	2.225641042701757e-06
990.5	8.907838908184806e-06	2.225641042701757e-06
990.75	8.907838908184806e-06	2.225641042701757e-06
991.0	7.266323678775914e-06	1.6769509322591327e-06
991.25	7.266323678775914e-06	1.6769509322591327e-06
991.5	7.266323678775914e-06	1.6769509322591327e-06
991.75	7.266323678775914e-06	1.6769509322591327e-06
992.0	6.554302396171005e-06	1.3542492166763015e-06
992.25	6.554302396171005e-06	1.3542492166763015e-06
992.5	6.554302396171005e-06	1.3542492166763015e-06
992.75	6.554302396171005e-06	1.3542492166763015e-06
993.0	6.915603383548946e-06	1.2851621182733888e-06
993.25	6.915603383548946e-06	1.2851621182733888e-06
993.5	6.915603383548946e-06	1.2851621182733888e-06
993.75	6.915603383548946e-06	1.2851621182733888e-06
994.0	8.177840344185386e-06	1.4566778898297964e-06
994.25	8.177840344185386e-06	1.4566778898297964e-06
994.5	8.177840344185386e-06	1.4566778898297964e-06
994.75	8.177840344185386e-06	1.4566778898297964e-06
995.0	9.963666075168814e-06	1.8409463215460229e-06
995.25	9.963666075168814e-06	1.8409463215460229e-06
995.5	9.963666075168814e-06	1.8409463215460229e-06
995.75	9.963666075168814e-06	1.8409463215460229e-06
996.0	1.1883389482469708e-05	2.4139993196360403e-06
996.25	1.1883389482469708e-05	2.4139993196360403e-06
996.5	1.1883389482469708e-05	2.4139993196360403e-06
996.75	1.1883389482469708e-05	2.4139993196360403e-06
997.0	1.3710558318279166e-05	3.172625302892138e-06
997.25	1.3710558318279166e-05	3.172625302892138e-06
997.5	1.3710558318279166e-05	3.172625302892138e-06
997.75	1.3710558318279166e-05	3.172625302892138e-06
998.0	1.5454643495368212e-05	4.129233690422466e-06
998.25	1.5454643495368212e-05	4.129233690422466e-06
998.5	1.5454643495368212e-05	4.129233690422466e-06
998.75	1.5454643495368212e-05	4.129233690422466e-06
999.0	1.7314831782894373e-05	5.285456406979239e-06
999.25	1.7314831782894373e-05	5.285456406979239e-06
999.5	1.7314831782894373e-05	5.285456406979239e-06
999.75	1.7314831782894373e-05	5.285456406979239e-06
1000.0	1.9464186117510386e-05	6.596342607770641e-06
1000.25	1.9464186117510386e-05	6.596342607770641e-06
1000.5	1.9464186117510386e-05	6.596342607770641e-06
1000.75	1.9464186117510386e-05	6.596342607770641e-06
1001.0	2.17898973258402e-05	7.939690841955072e-06
1001.25	2.17898973258402e-05	7.939690841955072e-06
1001.5	2.17898973258402e-05	7.939690841955072e-06
1001.75	2.17898973258402e-05	7.939690841955072e-06
1002.0	2.3869300580104783e-05	9.132470182921284e-06
1002.25	2.3869300580104783e-05	9.132470182921284e-06
1002.5	2.3869300580104783e-05	9.132470182921284e-06
1002.75	2.3869300580104783e-05	9.132470182921284e-06
1003.0	2.525299777893313e-05	9.994696460483084e-06
1003.25	2.525299777893313e-05	9.994696460483084e-06
1003.5	2.525299777893313e-05	9.994696460483084e-06
1003.75	2.525299777893313e-05	9.994696460483084e-06
1004.0	2.5811353414109827e-05	1.0406058365556749e-05
1004.25	2.5811353414109827e-05	1.0406058365556749e-05
1004.5	2.5811353414109827e-05	1.0406058365556749e-05
1004.75	2.5811353414109827e-05	1.0406058365556749e-05
1005.0	2.586307661299446e-05	1.0335228347084136e-05
1005.25	2.586307661299446e-05	1.0335228347084136e-05
1005.5	2.586307661299446e-05	1.0335228347084136e-05
1005.75	2.586307661299446e-05	1.0335228347084136e-05
1006.0	2.6049307063086178e-05	9.843546791869351e-06
1006.25	2.6049307063086178e-05	9.843546791869351e-06
1006.5	2.6049307063086178e-05	9.843546791869351e-06
1006.75	2.6049307063086178e-05	9.843546791869351e-06
1007.0	2.699111580083254e-05	9.066171420315686e-06
1007.25	2.699111580083254e-05	9.066171420315686e-06
1007.5	2.699111580083254e-05	9.066171420315686e-06
1007.75	2.699111580083254e-05	9.066171420315686e-06
1008.0	2.888769219276448e-05	8.181355181065034e-06
1008.25	2.888769219276448e-05	8.181355181065034e-06
1008.5	2.888769219276448e-05	8.181355181065034e-06
1008.75	2.888769219276448e-05	8.181355181065034e-06
1009.0	3.136844615545995e-05	7.365513263128234e-06
1009.25	3.136844615545995e-05	7.365513263128234e-06
1009.5	3.136844615545995e-05	7.365513263128234e-06
1009.75	3.136844615545995e-05	7.365513263128234e-06
1010.0	3.3672154943317344e-05	6.745577967283231e-06
1010.25	3.3672154943317344e-05	6.745577967283231e-06
1010.5	3.3672154943317344e-05	6.745577967283231e-06
1010.75	3.3672154943317344e-05	6.745577967283231e-06
1011.0	3.5048501868183425e-05	6.3946780890375875e-06
1011.25	3.5048501868183425e-05	6.3946780890375875e-06
1011.5	3.5048501868183425e-05	6.3946780890375875e-06
1011.75	3.5048501868183425e-05	6.3946780890375875e-06
1012.0	3.5202228790763915e-05	6.365673056716798e-06
1012.25	3.5202228790763915e-05	6.365673056716798e-06
1012.5	3.5202228790763915e-05	6.365673056716798e-06
1012.75	3.5202228790763915e-05	6.365673056716798e-06
1013.0	3.453005708810839e-05	6.704055104613709e-06
1013.25	3.453005708810839e-05	6.704055104613709e-06
1013.5	3.453005708810839e-05	6.704055104613709e-06
1013.75	3.453005708810839e-05	6.704055104613709e-06
1014.0	3.412945073499377e-05	7.401651517183567e-06
1014.25	3.412945073499377e-05	7.401651517183567e-06
1014.5	3.412945073499377e-05	7.401651517183567e-06
1014.75	3.412945073499377e-05	7.401651517183567e-06
1015.0	3.553589201742235e-05	8.343567594094422e-06
1015.25	3.553589201742235e-05	8.343567594094422e-06
1015.5	3.553589201742235e-05	8.343567594094422e-06
1015.75	3.553589201742235e-05	8.343567594094422e-06
1016.0	4.014478371305789e-05	9.353297916708564e-06
1016.25	4.014478371305789e-05	9.353297916708564e-06
1016.5	4.014478371305789e-05	9.353297916708564e-06
1016.75	4.014478371305789e-05	9.353297916708564e-06
1017.0	4.8521356053986986e-05	1.0262469690217505e-05
1017.25	4.8521356053986986e-05	1.0262469690217505e-05
1017.5	4.8521356053986986e-05	1.0262469690217505e-05
1017.75	4.8521356053986986e-05	1.0262469690217505e-05
1018.0	5.9913589828914206e-05	1.089759114413513e-05
1018.25	5.9913589828914206e-05	1.089759114413513e-05
1018.5	5.9913589828914206e-05	1.089759114413513e-05
1018.75	5.9913589828914206e-05	1.089759114413513e-05
1019.0	7.240087446403052e-05	1.1076555415512836e-05
1019.25	7.240087446403052e-05	1.1076555415512836e-05
1019.5	7.240087446403052e-05	1.1076555415512836e-05
1019.75	7.240087446403052e-05	1.1076555415512836e-05
1020.0	8.374548030304875e-05	1.0692443774823943e-05
1020.25	8.374548030304875e-05	1.0692443774823943e-05
1020.5	8.374548030304875e-05	1.0692443774823943e-05
1020.75	8.374548030304875e-05	1.0692443774823943e-05
1021.0	9.246386956723061e-05	9.775138213359218e-06
1021.25	9.246386956723061e-05	9.775138213359218e-06
1021.5	9.246386956723061e-05	9.775138213359218e-06
1021.75	9.246386956723061e-05	9.775138213359218e-06
1022.0	9.861120993965223e-05	8.460225547534978e-06
1022.25	9.861120993965223e-05	8.460225547534978e-06
1022.5	9.861120993965223e-05	8.460225547534978e-06
1022.75	9.861120993965223e-05	8.460225547534978e-06
1023.0	0.00010375439739111109	6.9391506466885026e-06
1023.25	0.00010375439739111109	6.9391506466885026e-06
1023.5	0.00010375439739111109	6.9391506466885026e-06
1023.75	0.00010375439739111109	6.9391506466885026e-06
1024.0	0.00011020470803094976	5.462630264225867e-06
1024.25	0.00011020470803094976	5.462630264225867e-06
1024.5	0.00011020470803094976	5.462630264225867e-06
1024.75	0.00011020470803094976	5.462630264225867e-06
1025.0	0.00012007566976348264	4.333555085242912e-06
1025.25	0.00012007566976348264	4.333555085242912e-06
1025.5	0.00012007566976348264	4.333555085242912e-06
1025.75	0.00012007566976348264	4.333555085242912e-06
1026.0	0.00013450067414699207	3.7999360840903317e-06
1026.25	0.00013450067414699207	3.7999360840903317e-06
1026.5	0.00013450067414699207	3.7999360840903317e-06
1026.75	0.00013450067414699207	3.7999360840903317e-06
1027.0	0.00015332875658996312	3.949214459233784e-06
1027.25	0.00015332875658996312	3.949214459233784e-06
1027.5	0.00015332875658996312	3.949214459233784e-06
1027.75	0.00015332875658996312	3.949214459233784e-06
1028.0	0.000175224991547171	4.732000078581246e-06
1028.25	0.000175224991547171	4.732000078581246e-06
1028.5	0.000175224991547171	4.732000078581246e-06
1028.75	0.000175224991547171	4.732000078581246e-06
1029.0	0.00019804331114026195	6.043575132949092e-06
1029.25	0.00019804331114026195	6.043575132949092e-06
1029.5	0.00019804331114026195	6.043575132949092e-06
1029.75	0.00019804331114026195	6.043575132949092e-06
1030.0	0.00021953482495725606	7.74013237445985e-06
1030.25	0.00021953482495725606	7.74013237445985e-06
1030.5	0.00021953482495725606	7.74013237445985e-06
1030.75	0.00021953482495725606	7.74013237445985e-06
1031.0	0.00023809768262849512	9.613797341180625e-06
1031.25	0.00023809768262849512	9.613797341180625e-06
1031.5	0.00023809768262849512	9.613797341180625e-06
1031.75	0.00023809768262849512	9.613797341180625e-06
1032.0	0.00025325181824747587	1.1413175418222466e-05
1032.25	0.00025325181824747587	1.1413175418222466e-05
1032.5	0.00025325181824747587	1.1413175418222466e-05
1032.75	0.00025325181824747587	1.1413175418222466e-05
1033.0	0.00026554831060086957	1.292519518442291e-05
1033.25	0.00026554831060086957	1.292519518442291e-05
1033.5	0.00026554831060086957	1.292519518442291e-05
1033.75	0.00026554831060086957	1.292519518442291e-05
1034.0	0.0002762352477572072	1.4020193966183328e-05
1034.25	0.0002762352477572072	1.4020193966183328e-05
1034.5	0.0002762352477572072	1.4020193966183328e-05
1034.75	0.0002762352477572072	1.4020193966183328e-05
1035.0	0.0002868598152421777	1.4612064698235449e-05
1035.25	0.0002868598152421777	1.4612064698235449e-05
1035.5	0.0002868598152421777	1.4612064698235449e-05
1035.75	0.0002868598152421777	1.4612064698235449e-05
1036.0	0.0002986732190574142	1.4611210372602803e-05
1036.25	0.0002986732190574142	1.4611210372602803e-05
1036.5	0.0002986732190574142	1.4611210372602803e-05
1036.75	0.0002986732190574142	1.4611210372602803e-05
1037.0	0.0003123716371680934	1.3951689147390073e-05
1037.25	0.0003123716371680934	1.3951689147390073e-05
1037.5	0.0003123716371680934	1.3951689147390073e-05
1037.75	0.0003123716371680934	1.3951689147390073e-05
1038.0	0.0003282795818459031	1.2641798509891902e-05
1038.25	0.0003282795818459031	1.2641798509891902e-05
1038.5	0.0003282795818459031	1.2641798509891902e-05
1038.75	0.0003282795818459031	1.2641798509891902e-05
1039.0	0.0003462291346015524	1.079851519252421e-05
1039.25	0.0003462291346015524	1.079851519252421e-05
1039.5	0.0003462291346015524	1.079851519252421e-05
1039.75	0.0003462291346015524	1.079851519252421e-05
1040.0	0.0003653406831607501	8.659341903023677e-06
1040.25	0.0003653406831607501	8.659341903023677e-06
1040.5	0.0003653406831607501	8.659341903023677e-06
1040.75	0.0003653406831607501	8.659341903023677e-06
1041.0	0.0003840429990188903	6.537301524393711e-06
1041.25	0.0003840429990188903	6.537301524393711e-06
1041.5	0.0003840429990188903	6.537301524393711e-06
1041.75	0.0003840429990188903	6.537301524393711e-06
1042.0	0.0004001325107638398	4.736401146990964e-06
1042.25	0.0004001325107638398	4.736401146990964e-06
1042.5	0.0004001325107638398	4.736401146990964e-06
1042.75	0.0004001325107638398	4.736401146990964e-06
1043.0	0.0004112084677297939	3.460503474984438e-06
1043.25	0.0004112084677297939	3.460503474984438e-06
1043.5	0.0004112084677297939	3.460503474984438e-06
1043.75	0.0004112084677297939	3.460503474984438e-06
1044.0	0.0004152925092932876	2.7719654689841904e-06
1044.25	0.0004152925092932876	2.7719654689841904e-06
1044.5	0.0004152925092932876	2.7719654689841904e-06
1044.75	0.0004152925092932876	2.7719654689841904e-06
1045.0	0.00041144210669214165	2.5984044861726286e-06
1045.25	0.00041144210669214165	2.5984044861726286e-06
1045.5	0.00041144210669214165	2.5984044861726286e-06
1045.75	0.00041144210669214165	2.5984044861726286e-06
1046.0	0.0004001202230974595	2.8042790668667303e-06
1046.25	0.0004001202230974595	2.8042790668667303e-06
1046.5	0.0004001202230974595	2.8042790668667303e-06
1046.75	0.0004001202230974595	2.8042790668667303e-06
1047.0	0.00038312885140950057	3.2809156473685956e-06
1047.25	0.00038312885140950057	3.2809156473685956e-06
1047.5	0.00038312885140950057	3.2809156473685956e-06
1047.75	0.00038312885140950057	3.2809156473685956e-06
1048.0	0.000363130539197921	3.9386004687290915e-06
1048.25	0.000363130539197921	3.9386004687290915e-06
1048.5	0.000363130539197921	3.9386004687290915e-06
1048.75	0.000363130539197921	3.9386004687290915e-06
1049.0	0.00034313245005216834	4.6270239312845925e-06
1049.25	0.00034313245005216834	4.6270239312845925e-06
1049.5	0.00034313245005216834	4.6270239312845925e-06
1049.75	0.00034313245005216834	4.6270239312845925e-06
1050.0	0.00032584167955648996	5.141628121645398e-06
1050.25	0.00032584167955648996	5.141628121645398e-06
1050.5	0.00032584167955648996	5.141628121645398e-06
1050.75	0.00032584167955648996	5.141628121645398e-06
1051.0	0.000313162940491705	5.312943250117292e-06
1051.25	0.000313162940491705	5.312943250117292e-06
1051.5	0.000313162940491705	5.312943250117292e-06
1051.75	0.000313162940491705	5.312943250117292e-06
1052.0	0.00030533920942846904	5.088577003865759e-06
1052.25	0.00030533920942846904	5.088577003865759e-06
1052.5	0.00030533920942846904	5.088577003865759e-06
1052.75	0.00030533920942846904	5.088577003865759e-06
1053.0	0.0003002477543973852	4.55046685894746e-06
1053.25	0.0003002477543973852	4.55046685894746e-06
1053.5	0.0003002477543973852	4.55046685894746e-06
1053.75	0.0003002477543973852	4.55046685894746e-06
1054.0	0.00029393682078640993	3.903516670932344e-06
1054.25	0.00029393682078640993	3.903516670932344e-06
1054.5	0.00029393682078640993	3.903516670932344e-06
1054.75	0.00029393682078640993	3.903516670932344e-06
1055.0	0.00028234629824755057	3.378987758021999e-06
1055.25	0.00028234629824755057	3.378987758021999e-06
1055.5	0.00028234629824755057	3.378987758021999e-06
1055.75	0.00028234629824755057	3.378987758021999e-06
1056.0	0.0002629350481524027	3.1004166509300765e-06
1056.25	0.0002629350481524027	3.1004166509300765e-06
1056.5	0.0002629350481524027	3.1004166509300765e-06
1056.75	0.0002629350481524027	3.1004166509300765e-06
1057.0	0.00023550329981721725	3.0772057288934855e-06
1057.25	0.00023550329981721725	3.0772057288934855e-06
1057.5	0.00023550329981721725	3.0772057288934855e-06
1057.75	0.00023550329981721725	3.0772057288934855e-06
1058.0	0.000202159566896024	3.277590993315831e-06
1058.25	0.000202159566896024	3.277590993315831e-06
1058.5	0.000202159566896024	3.277590993315831e-06
1058.75	0.000202159566896024	3.277590993315831e-06
1059.0	0.00016630993230915084	3.6631843688354074e-06
1059.25	0.00016630993230915084	3.6631843688354074e-06
1059.5	0.00016630993230915084	3.6631843688354074e-06
1059.75	0.00016630993230915084	3.6631843688354074e-06
1060.0	0.00013134371461755788	4.184528280028162e-06
1060.25	0.00013134371461755788	4.184528280028162e-06
1060.5	0.00013134371461755788	4.184528280028162e-06
1060.75	0.00013134371461755788	4.184528280028162e-06
1061.0	9.969910344614494e-05	4.750991604331487e-06
1061.25	9.969910344614494e-05	4.750991604331487e-06
1061.5	9.969910344614494e-05	4.750991604331487e-06
1061.75	9.969910344614494e-05	4.750991604331487e-06
1062.0	7.261469287121297e-05	5.195892386000845e-06
1062.25	7.261469287121297e-05	5.195892386000845e-06
1062.5	7.261469287121297e-05	5.195892386000845e-06
1062.75	7.261469287121297e-05	5.195892386000845e-06
1063.0	5.062062838726149e-05	5.332202800985999e-06
1063.25	5.062062838726149e-05	5.332202800985999e-06
1063.5	5.062062838726149e-05	5.332202800985999e-06
1063.75	5.062062838726149e-05	5.332202800985999e-06
1064.0	3.403633160681399e-05	5.102462067506244e-06
1064.25	3.403633160681399e-05	5.102462067506244e-06
1064.5	3.403633160681399e-05	5.102462067506244e-06
1064.75	3.403633160681399e-05	5.102462067506244e-06
1065.0	2.2930185446462046e-05	4.661025906595948e-06
1065.25	2.2930185446462046e-05	4.661025906595948e-06
1065.5	2.2930185446462046e-05	4.661025906595948e-06
1065.75	2.2930185446462046e-05	4.661025906595948e-06
1066.0	1.6942402211664194e-05	4.257887271284733e-06
1066.25	1.6942402211664194e-05	4.257887271284733e-06
1066.5	1.6942402211664194e-05	4.257887271284733e-06
1066.75	1.6942402211664194e-05	4.257887271284733e-06
1067.0	1.5162497548138784e-05	4.053963160965876e-06
1067.25	1.5162497548138784e-05	4.053963160965876e-06
1067.5	1.5162497548138784e-05	4.053963160965876e-06
1067.75	1.5162497548138784e-05	4.053963160965876e-06
1068.0	1.6138910285147648e-05	4.062042806996858e-06
1068.25	1.6138910285147648e-05	4.062042806996858e-06
1068.5	1.6138910285147648e-05	4.062042806996858e-06
1068.75	1.6138910285147648e-05	4.062042806996858e-06
1069.0	1.8312263803589162e-05	4.162259192902383e-06
1069.25	1.8312263803589162e-05	4.162259192902383e-06
1069.5	1.8312263803589162e-05	4.162259192902383e-06
1069.75	1.8312263803589162e-05	4.162259192902383e-06
1070.0	2.0536609186843803e-05	4.17276115317938e-06
1070.25	2.0536609186843803e-05	4.17276115317938e-06
1070.5	2.0536609186843803e-05	4.17276115317938e-06
1070.75	2.0536609186843803e-05	4.17276115317938e-06
1071.0	2.2238412333712472e-05	3.988673938511088e-06
1071.25	2.2238412333712472e-05	3.988673938511088e-06
1071.5	2.2238412333712472e-05	3.988673938511088e-06
1071.75	2.2238412333712472e-05	3.988673938511088e-06
1072.0	2.33070422757108e-05	3.660698252404371e-06
1072.25	2.33070422757108e-05	3.660698252404371e-06
1072.5	2.33070422757108e-05	3.660698252404371e-06
1072.75	2.33070422757108e-05	3.660698252404371e-06
1073.0	2.3913873371530105e-05	3.328537895109187e-06
1073.25	2.3913873371530105e-05	3.328537895109187e-06
1073.5	2.3913873371530105e-05	3.328537895109187e-06
1073.75	2.3913873371530105e-05	3.328537895109187e-06
1074.0	2.4352974049956547e-05	3.1161722757305196e-06
1074.25	2.4352974049956547e-05	3.1161722757305196e-06
1074.5	2.4352974049956547e-05	3.1161722757305196e-06
1074.75	2.4352974049956547e-05	3.1161722757305196e-06
1075.0	2.500098886577525e-05	3.0828076835408347e-06
1075.25	2.500098886577525e-05	3.0828076835408347e-06
1075.5	2.500098886577525e-05	3.0828076835408347e-06
1075.75	2.500098886577525e-05	3.0828076835408347e-06
1076.0	2.623882941599699e-05	3.224000745703538e-06
1076.25	2.623882941599699e-05	3.224000745703538e-06
1076.5	2.623882941599699e-05	3.224000745703538e-06
1076.75	2.623882941599699e-05	3.224000745703538e-06
1077.0	2.8244702255916673e-05	3.4815635889631907e-06
1077.25	2.8244702255916673e-05	3.4815635889631907e-06
1077.5	2.8244702255916673e-05	3.4815635889631907e-06
1077.75	2.8244702255916673e-05	3.4815635889631907e-06
1078.0	3.0814728121216105e-05	3.7470293195787044e-06
1078.25	3.0814728121216105e-05	3.7470293195787044e-06
1078.5	3.0814728121216105e-05	3.7470293195787044e-06
1078.75	3.0814728121216105e-05	3.7470293195787044e-06
1079.0	3.332120716273963e-05	3.8613668311317785e-06
1079.25	3.332120716273963e-05	3.8613668311317785e-06
1079.5	3.332120716273963e-05	3.8613668311317785e-06
1079.75	3.332120716273963e-05	3.8613668311317785e-06
1080.0	3.491372168560398e-05	3.6768851910421662e-06
1080.25	3.491372168560398e-05	3.6768851910421662e-06
1080.5	3.491372168560398e-05	3.6768851910421662e-06
1080.75	3.491372168560398e-05	3.6768851910421662e-06
1081.0	3.490851029519994e-05	3.1480011025423172e-06
1081.25	3.490851029519994e-05	3.1480011025423172e-06
1081.5	3.490851029519994e-05	3.1480011025423172e-06
1081.75	3.490851029519994e-05	3.1480011025423172e-06
1082.0	3.3090662759878394e-05	2.3810899245352933e-06
1082.25	3.3090662759878394e-05	2.3810899245352933e-06
1082.5	3.3090662759878394e-05	2.3810899245352933e-06
1082.75	3.3090662759878394e-05	2.3810899245352933e-06
1083.0	2.9766120858381475e-05	1.6183428161528017e-06
1083.25	2.9766120858381475e-05	1.6183428161528017e-06
1083.5	2.9766120858381475e-05	1.6183428161528017e-06
1083.75	2.9766120858381475e-05	1.6183428161528017e-06
1084.0	2.554255989886027e-05	1.113206948082305e-06
1084.25	2.554255989886027e-05	1.113206948082305e-06
1084.5	2.554255989886027e-05	1.113206948082305e-06
1084.75	2.554255989886027e-05	1.113206948082305e-06
1085.0	2.103092343912805e-05	9.632268461158279e-07
1085.25	2.103092343912805e-05	9.632268461158279e-07
1085.5	2.103092343912805e-05	9.632268461158279e-07
1085.75	2.103092343912805e-05	9.632268461158279e-07
1086.0	1.6717355170851272e-05	1.0648924969046992e-06
1086.25	1.6717355170851272e-05	1.0648924969046992e-06
1086.5	1.6717355170851272e-05	1.0648924969046992e-06
1086.75	1.6717355170851272e-05	1.0648924969046992e-06
1087.0	1.2948432133018615e-05	1.2137412688092734e-06
1087.25	1.2948432133018615e-05	1.2137412688092734e-06
1087.5	1.2948432133018615e-05	1.2137412688092734e-06
1087.75	1.2948432133018615e-05	1.2137412688092734e-06
1088.0	9.90686694727919e-06	1.2636178918744879e-06
1088.25	9.90686694727919e-06	1.2636178918744879e-06
1088.5	9.90686694727919e-06	1.2636178918744879e-06
1088.75	9.90686694727919e-06	1.2636178918744879e-06
1089.0	7.670485512103338e-06	1.2242549609310205e-06
1089.25	7.670485512103338e-06	1.2242549609310205e-06
1089.5	7.670485512103338e-06	1.2242549609310205e-06
1089.75	7.670485512103338e-06	1.2242549609310205e-06
1090.0	6.275274217608986e-06	1.2070284611565862e-06
1090.25	6.275274217608986e-06	1.2070284611565862e-06
1090.5	6.275274217608986e-06	1.2070284611565862e-06
1090.75	6.275274217608986e-06	1.2070284611565862e-06
1091.0	5.662789748126958e-06	1.2950002716167333e-06
1091.25	5.662789748126958e-06	1.2950002716167333e-06
1091.5	5.662789748126958e-06	1.2950002716167333e-06
1091.75	5.662789748126958e-06	1.2950002716167333e-06
1092.0	5.654554842147749e-06	1.466818009222047e-06
1092.25	5.654554842147749e-06	1.466818009222047e-06
1092.5	5.654554842147749e-06	1.466818009222047e-06
1092.75	5.654554842147749e-06	1.466818009222047e-06
1093.0	5.991659532489853e-06	1.6106924339132233e-06
1093.25	5.991659532489853e-06	1.6106924339132233e-06
1093.5	5.991659532489853e-06	1.6106924339132233e-06
1093.75	5.991659532489853e-06	1.6106924339132233e-06
1094.0	6.383466001690944e-06	1.6164227792556752e-06
1094.25	6.383466001690944e-06	1.6164227792556752e-06
1094.5	6.383466001690944e-06	1.6164227792556752e-06
1094.75	6.383466001690944e-06	1.6164227792556752e-06
1095.0	6.607990483980788e-06	1.461860363844836e-06
1095.25	6.607990483980788e-06	1.461860363844836e-06
1095.5	6.607990483980788e-06	1.461860363844836e-06
1095.75	6.607990483980788e-06	1.461860363844836e-06
1096.0	6.606831006087e-06	1.200644201114868e-06
1096.25	6.606831006087e-06	1.200644201114868e-06
1096.5	6.606831006087e-06	1.200644201114868e-06
1096.75	6.606831006087e-06	1.200644201114868e-06
1097.0	6.472926175943068e-06	9.054794370843968e-07
1097.25	6.472926175943068e-06	9.054794370843968e-07
1097.5	6.472926175943068e-06	9.054794370843968e-07
1097.75	6.472926175943068e-06	9.054794370843968e-07
1098.0	6.3993025414611075e-06	6.478316218864023e-07
1098.25	6.3993025414611075e-06	6.478316218864023e-07
1098.5	6.3993025414611075e-06	6.478316218864023e-07
1098.75	6.3993025414611075e-06	6.478316218864023e-07
1099.0	6.628550529245911e-06	4.923779632163786e-07
1099.25	6.628550529245911e-06	4.923779632163786e-07
1099.5	6.628550529245911e-06	4.923779632163786e-07
1099.75	6.628550529245911e-06	4.923779632163786e-07
1100.0	7.365726422602227e-06	4.848215241481342e-07
1100.25	7.365726422602227e-06	4.848215241481342e-07
1100.5	7.365726422602227e-06	4.848215241481342e-07
1100.75	7.365726422602227e-06	4.848215241481342e-07
1101.0	8.683763272513705e-06	6.376770061494903e-07
1101.25	8.683763272513705e-06	6.376770061494903e-07
1101.5	8.683763272513705e-06	6.376770061494903e-07
1101.75	8.683763272513705e-06	6.376770061494903e-07
1102.0	1.0426306949146693e-05	9.011319536264096e-07
1102.25	1.0426306949146693e-05	9.011319536264096e-07
1102.5	1.0426306949146693e-05	9.011319536264096e-07
1102.75	1.0426306949146693e-05	9.011319536264096e-07
1103.0	1.2213465599801682e-05	1.1551058711468507e-06
1103.25	1.2213465599801682e-05	1.1551058711468507e-06
1103.5	1.2213465599801682e-05	1.1551058711468507e-06
1103.75	1.2213465599801682e-05	1.1551058711468507e-06
1104.0	1.3600998160169453e-05	1.2580625495754425e-06
1104.25	1.3600998160169453e-05	1.2580625495754425e-06
1104.5	1.3600998160169453e-05	1.2580625495754425e-06
1104.75	1.3600998160169453e-05	1.2580625495754425e-06
1105.0	1.4211874681853444e-05	1.1300998292170417e-06
1105.25	1.4211874681853444e-05	1.1300998292170417e-06
1105.5	1.4211874681853444e-05	1.1300998292170417e-06
1105.75	1.4211874681853444e-05	1.1300998292170417e-06
1106.0	1.3836668081728752e-05	8.248428609977529e-07
1106.25	1.3836668081728752e-05	8.248428609977529e-07
1106.5	1.3836668081728752e-05	8.248428609977529e-07
1106.75	1.3836668081728752e-05	8.248428609977529e-07
1107.0	1.2540734258922695e-05	5.102480685402859e-07
1107.25	1.2540734258922695e-05	5.102480685402859e-07
1107.5	1.2540734258922695e-05	5.102480685402859e-07
1107.75	1.2540734258922695e-05	5.102480685402859e-07
1108.0	1.0622486953242368e-05	3.4505498613410826e-07
1108.25	1.0622486953242368e-05	3.4505498613410826e-07
1108.5	1.0622486953242368e-05	3.4505498613410826e-07
1108.75	1.0622486953242368e-05	3.4505498613410826e-07
1109.0	8.461621933119938e-06	3.7599931835738135e-07
1109.25	8.461621933119938e-06	3.7599931835738135e-07
1109.5	8.461621933119938e-06	3.7599931835738135e-07
1109.75	8.461621933119938e-06	3.7599931835738135e-07
1110.0	6.39976846618468e-06	5.275609058851604e-07
1110.25	6.39976846618468e-06	5.275609058851604e-07
1110.5	6.39976846618468e-06	5.275609058851604e-07
1110.75	6.39976846618468e-06	5.275609058851604e-07
1111.0	4.656356811938102e-06	6.681416029445387e-07
1111.25	4.656356811938102e-06	6.681416029445387e-07
1111.5	4.656356811938102e-06	6.681416029445387e-07
1111.75	4.656356811938102e-06	6.681416029445387e-07
1112.0	3.321428247270568e-06	7.052843727163978e-07
1112.25	3.321428247270568e-06	7.052843727163978e-07
1112.5	3.321428247270568e-06	7.052843727163978e-07
1112.75	3.321428247270568e-06	7.052843727163978e-07
1113.0	2.4140425418080797e-06	6.314544084358969e-07
1113.25	2.4140425418080797e-06	6.314544084358969e-07
1113.5	2.4140425418080797e-06	6.314544084358969e-07
1113.75	2.4140425418080797e-06	6.314544084358969e-07
1114.0	1.923346418739089e-06	4.979124316938723e-07
1114.25	1.923346418739089e-06	4.979124316938723e-07
1114.5	1.923346418739089e-06	4.979124316938723e-07
1114.75	1.923346418739089e-06	4.979124316938723e-07
1115.0	1.8336641955473408e-06	3.6250758536597086e-07
1115.25	1.8336641955473408e-06	3.6250758536597086e-07
1115.5	1.8336641955473408e-06	3.6250758536597086e-07
1115.75	1.8336641955473408e-06	3.6250758536597086e-07
1116.0	2.1317723568248675e-06	2.6368797678253633e-07
1116.25	2.1317723568248675e-06	2.6368797678253633e-07
1116.5	2.1317723568248675e-06	2.6368797678253633e-07
1116.75	2.1317723568248675e-06	2.6368797678253633e-07
1117.0	2.769313914781254e-06	2.214028709590591e-07
1117.25	2.769313914781254e-06	2.214028709590591e-07
1117.5	2.769313914781254e-06	2.214028709590591e-07
1117.75	2.769313914781254e-06	2.214028709590591e-07
1118.0	3.6374421785999242e-06	2.386135877570199e-07
1118.25	3.6374421785999242e-06	2.386135877570199e-07
1118.5	3.6374421785999242e-06	2.386135877570199e-07
1118.75	3.6374421785999242e-06	2.386135877570199e-07
1119.0	4.589430631896528e-06	3.019594234299379e-07
1119.25	4.589430631896528e-06	3.019594234299379e-07
1119.5	4.589430631896528e-06	3.019594234299379e-07
1119.75	4.589430631896528e-06	3.019594234299379e-07
1120.0	5.452496072200807e-06	3.814318967641263e-07
1120.25	5.452496072200807e-06	3.814318967641263e-07
1120.5	5.452496072200807e-06	3.814318967641263e-07
1120.75	5.452496072200807e-06	3.814318967641263e-07
1121.0	6.035310994030211e-06	4.339171563769443e-07
1121.25	6.035310994030211e-06	4.339171563769443e-07
1121.5	6.035310994030211e-06	4.339171563769443e-07
1121.75	6.035310994030211e-06	4.339171563769443e-07
1122.0	6.2082988561377915e-06	4.264349389112257e-07
1122.25	6.2082988561377915e-06	4.264349389112257e-07
1122.5	6.2082988561377915e-06	4.264349389112257e-07
1122.75	6.2082988561377915e-06	4.264349389112257e-07
1123.0	5.98550121713425e-06	3.593281153785493e-07
1123.25	5.98550121713425e-06	3.593281153785493e-07
1123.5	5.98550121713425e-06	3.593281153785493e-07
1123.75	5.98550121713425e-06	3.593281153785493e-07
1124.0	5.475926189387398e-06	2.697351530454306e-07
1124.25	5.475926189387398e-06	2.697351530454306e-07
1124.5	5.475926189387398e-06	2.697351530454306e-07
1124.75	5.475926189387398e-06	2.697351530454306e-07
1125.0	4.79764266768775e-06	2.1274140849203123e-07
1125.25	4.79764266768775e-06	2.1274140849203123e-07
1125.5	4.79764266768775e-06	2.1274140849203123e-07
1125.75	4.79764266768775e-06	2.1274140849203123e-07
1126.0	4.0779993292986394e-06	2.1605330716466475e-07
1126.25	4.0779993292986394e-06	2.1605330716466475e-07
1126.5	4.0779993292986394e-06	2.1605330716466475e-07
1126.75	4.0779993292986394e-06	2.1605330716466475e-07
1127.0	3.4460394927215173e-06	2.5410279370461664e-07
1127.25	3.4460394927215173e-06	2.5410279370461664e-07
1127.5	3.4460394927215173e-06	2.5410279370461664e-07
1127.75	3.4460394927215173e-06	2.5410279370461664e-07
1128.0	2.9852567765643276e-06	2.8151832443118117e-07
1128.25	2.9852567765643276e-06	2.8151832443118117e-07
1128.5	2.9852567765643276e-06	2.8151832443118117e-07
1128.75	2.9852567765643276e-06	2.8151832443118117e-07
1129.0	2.718805746152478e-06	2.7963571587460726e-07
1129.25	2.718805746152478e-06	2.7963571587460726e-07
1129.5	2.718805746152478e-06	2.7963571587460726e-07
1129.75	2.718805746152478e-06	2.7963571587460726e-07
1130.0	2.623526301406325e-06	2.691716139251067e-07
1130.25	2.623526301406325e-06	2.691716139251067e-07
1130.5	2.623526301406325e-06	2.691716139251067e-07
1130.75	2.623526301406325e-06	2.691716139251067e-07
1131.0	2.6622691149076084e-06	2.9005415000588063e-07
1131.25	2.6622691149076084e-06	2.9005415000588063e-07
1131.5	2.6622691149076084e-06	2.9005415000588063e-07
1131.75	2.6622691149076084e-06	2.9005415000588063e-07
1132.0	2.793031219775697e-06	3.5903510263128104e-07
1132.25	2.793031219775697e-06	3.5903510263128104e-07
1132.5	2.793031219775697e-06	3.5903510263128104e-07
1132.75	2.793031219775697e-06	3.5903510263128104e-07
1133.0	2.9506085366387723e-06	4.478435832509155e-07
1133.25	2.9506085366387723e-06	4.478435832509155e-07
1133.5	2.9506085366387723e-06	4.478435832509155e-07
1133.75	2.9506085366387723e-06	4.478435832509155e-07
1134.0	3.074783738123069e-06	5.109304980652465e-07
1134.25	3.074783738123069e-06	5.109304980652465e-07
1134.5	3.074783738123069e-06	5.109304980652465e-07
1134.75	3.074783738123069e-06	5.109304980652465e-07
1135.0	3.128441835902648e-06	5.259693254624482e-07
1135.25	3.128441835902648e-06	5.259693254624482e-07
1135.5	3.128441835902648e-06	5.259693254624482e-07
1135.75	3.128441835902648e-06	5.259693254624482e-07
1136.0	3.0734115901530576e-06	5.050977159755459e-07
1136.25	3.0734115901530576e-06	5.050977159755459e-07
1136.5	3.0734115901530576e-06	5.050977159755459e-07
1136.75	3.0734115901530576e-06	5.050977159755459e-07
1137.0	2.902778053255168e-06	4.7530381716296957e-07
1137.25	2.902778053255168e-06	4.7530381716296957e-07
1137.5	2.902778053255168e-06	4.7530381716296957e-07
1137.75	2.902778053255168e-06	4.7530381716296957e-07
1138.0	2.637974361410945e-06	4.519498420700187e-07
1138.25	2.637974361410945e-06	4.519498420700187e-07
1138.5	2.637974361410945e-06	4.519498420700187e-07
1138.75	2.637974361410945e-06	4.519498420700187e-07
1139.0	2.283627802395317e-06	4.3162928958219277e-07
1139.25	2.283627802395317e-06	4.3162928958219277e-07
1139.5	2.283627802395317e-06	4.3162928958219277e-07
1139.75	2.283627802395317e-06	4.3162928958219277e-07
1140.0	1.8763192692440963e-06	4.0413432459650143e-07
1140.25	1.8763192692440963e-06	4.0413432459650143e-07
1140.5	1.8763192692440963e-06	4.0413432459650143e-07
1140.75	1.8763192692440963e-06	4.0413432459650143e-07
1141.0	1.4921966378544609e-06	3.6576026649516913e-07
1141.25	1.4921966378544609e-06	3.6576026649516913e-07
1141.5	1.4921966378544609e-06	3.6576026649516913e-07
1141.75	1.4921966378544609e-06	3.6576026649516913e-07
1142.0	1.1793260661676246e-06	3.2443020329633754e-07
1142.25	1.1793260661676246e-06	3.2443020329633754e-07
1142.5	1.1793260661676246e-06	3.2443020329633754e-07
1142.75	1.1793260661676246e-06	3.2443020329633754e-07
1143.0	9.647057239694222e-07	2.9317015781352645e-07
1143.25	9.647057239694222e-07	2.9317015781352645e-07
1143.5	9.647057239694222e-07	2.9317015781352645e-07
1143.75	9.647057239694222e-07	2.9317015781352645e-07
1144.0	8.6716054113868e-07	2.7892680721382265e-07
1144.25	8.6716054113868e-07	2.7892680721382265e-07
1144.5	8.6716054113868e-07	2.7892680721382265e-07
1144.75	8.6716054113868e-07	2.7892680721382265e-07
1145.0	8.757316415343873e-07	2.8420007062698443e-07
1145.25	8.757316415343873e-07	2.8420007062698443e-07
1145.5	8.757316415343873e-07	2.8420007062698443e-07
1145.75	8.757316415343873e-07	2.8420007062698443e-07
1146.0	9.523299137397924e-07	3.115439220206821e-07
1146.25	9.523299137397924e-07	3.115439220206821e-07
1146.5	9.523299137397924e-07	3.115439220206821e-07
1146.75	9.523299137397924e-07	3.115439220206821e-07
1147.0	1.0472178298791773e-06	3.6431402445779383e-07
1147.25	1.0472178298791773e-06	3.6431402445779383e-07
1147.5	1.0472178298791773e-06	3.6431402445779383e-07
1147.75	1.0472178298791773e-06	3.6431402445779383e-07
1148.0	1.111065134987661e-06	4.426527558896432e-07
1148.25	1.111065134987661e-06	4.426527558896432e-07
1148.5	1.111065134987661e-06	4.426527558896432e-07
1148.75	1.111065134987661e-06	4.426527558896432e-07
1149.0	1.1066405343005989e-06	5.287470059601215e-07
1149.25	1.1066405343005989e-06	5.287470059601215e-07
1149.5	1.1066405343005989e-06	5.287470059601215e-07
1149.75	1.1066405343005989e-06	5.287470059601215e-07
1150.0	1.026298108557827e-06	5.840424083520331e-07
1150.25	1.026298108557827e-06	5.840424083520331e-07
1150.5	1.026298108557827e-06	5.840424083520331e-07
1150.75	1.026298108557827e-06	5.840424083520331e-07
1151.0	9.013254589806166e-07	5.749473120599747e-07
1151.25	9.013254589806166e-07	5.749473120599747e-07
1151.5	9.013254589806166e-07	5.749473120599747e-07
1151.75	9.013254589806166e-07	5.749473120599747e-07
1152.0	7.806274219660822e-07	4.97612924380413e-07
1152.25	7.806274219660822e-07	4.97612924380413e-07
1152.5	7.806274219660822e-07	4.97612924380413e-07
1152.75	7.806274219660822e-07	4.97612924380413e-07
1153.0	7.041980116846225e-07	3.8377964319735644e-07
1153.25	7.041980116846225e-07	3.8377964319735644e-07
1153.5	7.041980116846225e-07	3.8377964319735644e-07
1153.75	7.041980116846225e-07	3.8377964319735644e-07
1154.0	6.884643175972756e-07	2.8371449124432044e-07
1154.25	6.884643175972756e-07	2.8371449124432044e-07
1154.5	6.884643175972756e-07	2.8371449124432044e-07
1154.75	6.884643175972756e-07	2.8371449124432044e-07
1155.0	7.298182018436114e-07	2.2869853638689745e-07
1155.25	7.298182018436114e-07	2.2869853638689745e-07
1155.5	7.298182018436114e-07	2.2869853638689745e-07
1155.75	7.298182018436114e-07	2.2869853638689745e-07
1156.0	8.235710104106908e-07	2.1238519678295623e-07
1156.25	8.235710104106908e-07	2.1238519678295623e-07
1156.5	8.235710104106908e-07	2.1238519678295623e-07
1156.75	8.235710104106908e-07	2.1238519678295623e-07
1157.0	9.598703469800634e-07	2.1149615327845758e-07
1157.25	9.598703469800634e-07	2.1149615327845758e-07
1157.5	9.598703469800634e-07	2.1149615327845758e-07
1157.75	9.598703469800634e-07	2.1149615327845758e-07
1158.0	1.1273486306620717e-06	2.0939856583986318e-07
1158.25	1.1273486306620717e-06	2.0939856583986318e-07
1158.5	1.1273486306620717e-06	2.0939856583986318e-07
1158.75	1.1273486306620717e-06	2.0939856583986318e-07
1159.0	1.3274061279927051e-06	2.077159452574884e-07
1159.25	1.3274061279927051e-06	2.077159452574884e-07
1159.5	1.3274061279927051e-06	2.077159452574884e-07
1159.75	1.3274061279927051e-06	2.077159452574884e-07
